1106328
1368050
816300
1040809
351423
416141
483971
608137
1242231
2268222
634165
1660848
1228611
55294
2005844
1044083
1111513
562868
557492
1785775
2258026
2136110
176358
1365991
1589971
1584243
2374356
46882
21159
1534379
1561833
421467
795849
1476326
834780
2361136
2206301
622654
1957806
20268
1812616
581565
822906
58557
949170
1757538
2156790
1056074
1159169
173672
675921
2097313
743785
1446740
191676
2046097
2292789
2295810
1826864
1492855
735335
2277518
1369944
1929326
2238510
1797937
1441451
292614
20228
1633792
625009
1887562
973099
1598463
2329889
1588788
1246855
1318619
210104
223571
2082853
2320566
1536226
1124235
1289869
2147499
2338148
2005164
2099771
2208262
371059
520764
1871576
1090830
501605
221377
2438110
182240
830837
1656243
2097444
1538614
264410
2329659
1641653
1418073
163154
1332714
566991
997066
213809
1051086
1149610
2211295
1083591
1045441
1671978
189273
1780283
1109992
772869
2143325
950598
700149
1793242
151167
376186
516781
1589379
562042
1183136
307124
1123101
2248741
1233096
2134134
180467
1378200
1477084
2352658
895282
582482
1289176
1353621
45158
2042957
1078048
733564
308714
101834
63657
816611
2164619
2430104
1528773
2190301
1506459
1856340
297296
1368590
287136
1776787
1555972
108032
1345384
712035
1590963
390410
943875
1025286
1547786
1856332
2090985
868331
1815155
633146
1484451
1356761
264183
870040
1754616
302546
2090418
767598
1703246
1920692
934687
2168233
1228193
861040
1157298
1609268
1897365
1236938
918920
1144969
1655309
146931
1532977
2264646
244737
830928
1526309
306396
2197511
1161183
408710
1063179
1025724
2231066
436122
1205723
1545815
354632
798469
1066351
1073274
1116047
1580897
2064467
2286895
1246854
1911811
2288776
597275
219720
2187426
496121
1621454
1964139
2400860
216560
323980
597974
1237449
1508681
358937
978787
1220242
865213
895578
1876541
1610711
87803
153544
888704
527475
1020334
1509451
1585515
2063777
2116013
33916
1509756
1694171
202564
882632
649890
1571471
534281
779650
758391
1959374
2299125
631275
1705666
373456
2013727
837698
225950
368224
1212538
1389042
183403
2150278
1924507
1219163
172217
749248
166255
807028
1974760
1047655
1532475
558915
958257
1283884
893125
1305761
578910
772667
392726
568654
686336
88778
1181955
523172
211447
2013544
964288
1218070
1875753
256262
1205504
660471
1303912
386644
1829292
1768821
760152
2396122
859775
296357
705849
280863
1232332
2153450
1437488
1960003
2149839
436876
2398368
1984448
2180883
1233951
1250142
1608374
1757365
101087
473979
783842
2164381
436469
196796
2428193
279026
974940
1474199
2416889
184689
452746
302361
2196514
876548
351607
1587212
757909
1569602
2076590
254149
624451
1217523
2197552
615229
1555724
507270
1911929
1827614
1295280
852708
1417820
182238
100114
1654835
105889
1986981
683458
1029316
250119
1410833
1666694
1582013
1614243
545647
23048
1473623
1861459
242306
1250287
750402
21846
1528467
1281401
1080672
2091432
2130544
1149320
1484253
2270465
24469
484956
1104731
2186985
183754
1111904
1292054
1312462
806891
153682
1161469
1390042
1728981
525183
1462215
563159
697922
1534605
1269528
1703495
1686862
1227791
1607735
521967
2201864
650798
1380326
1020404
252737
1088902
1860562
1653902
952657
1227976
74605
1601361
1762363
1644211
1197346
1018086
1968409
1475420
961043
414055
176517
865813
1426235
2381535
1406139
719732
1316324
327618
1663042
1472419
38484
1779058
553683
1035672
1567085
157373
1134755
622331
1372052
554990
1150788
876569
112321
802838
790913
1317250
582483
2363141
2126212
126741
1316953
874172
1405774
1486432
2426139
578240
1280758
223846
1484683
2251545
2305637
456696
781898
2086952
126831
24692
2411992
270607
2191909
856042
2179378
341353
215118
1347536
19137
1122166
644479
1790492
1351515
1409372
800760
1672687
1686533
1273853
1965032
843936
854676
1806442
559614
990519
1641260
1361350
1702462
560648
1794951
590663
2216162
1077954
1868752
1433290
1588787
1888920
1557440
1802854
1080035
1862676
1278287
398842
2420171
462442
1726570
843060
1062015
1437255
512490
277107
1220130
1653561
973272
988882
1312810
1661406
1144502
468324
1563836
1795263
1362906
903323
76729
170046
1360872
2021975
2374426
2393454
722343
1877467
864640
297445
2295580
601713
987472
1153013
830725
1182500
1612051
26990
618987
1453815
65229
1819839
80376
2084000
1026067
325366
1431840
1627883
764547
1291880
470904
1513637
41021
874677
1818418
180388
2384728
1372064
1769457
153380
816128
620249
1884917
1986365
35517
166580
750788
373393
794282
812294
1489387
199170
1821495
680854
1096492
542219
1984965
2427676
441714
577689
1642127
1775654
978269
1766464
1469686
1633082
2062293
1824682
1865172
221823
1858365
794443
1847479
1071724
1598467
1846977
48647
927138
1182013
432276
27844
1278657
66827
166243
527410
1418965
102690
219027
1619349
1345367
630172
878991
498283
308898
2082870
275611
636201
493410
1416743
2281434
803829
1005436
2329660
1569646
878499
708936
849839
2431214
734929
419944
2400740
1486424
1806743
1706313
1721376
468321
1093577
1436563
558885
1568703
1923512
1871516
1062076
554989
2328295
1503326
592854
1534607
162867
357320
1337398
1501904
2280695
1569171
1697723
1207269
747627
708991
340329
2382972
1928673
460369
396718
2373457
37063
1946393
296135
151113
1888737
634052
1790144
115259
178078
1314224
648760
403930
2036552
1552741
2243122
255953
603260
642149
450747
2071382
1643970
2308553
1875972
561551
194285
1670588
578725
619000
2298961
2170211
1224961
737892
226817
1520474
2121258
1587050
840995
637962
2149061
462845
1071727
1447712
2171169
1117277
714282
1473427
1069051
1436902
760217
566761
1149840
342040
471155
1665496
160732
1025530
908663
1652261
213198
970734
1149947
285991
2111837
1031975
1608765
1763779
2220515
1000882
590158
1855795
1216085
205417
1065924
133092
181344
1140626
1437756
534257
117894
1233180
413371
848753
574033
1427988
976566
445716
1368335
1220096
914538
268056
579375
1091462
1536989
2081560
1940217
436107
1702095
174407
734205
1874509
1297345
1964773
734796
656028
683092
1078821
1463462
530612
2157396
1983499
533125
1363966
957424
2166510
992697
308748
1193130
258721
1299763
387424
1577661
1722958
768703
1750616
2227746
1042970
2157555
470955
1129947
924657
1271826
1168036
1356554
882574
483859
1089151
2344572
1453438
1733039
2298182
1124771
1752590
2252570
571534
2379634
380769
483145
2351500
155665
1268144
130457
475764
645914
1876507
412951
2134286
298415
2014755
2230183
194700
633820
1458913
1870626
1196366
784931
1532168
1540478
1954869
1876744
762826
1364808
122104
353933
399358
1489174
2205114
748718
187893
1382226
870813
1183856
1681771
120377
63250
1274939
419940
199616
254083
885957
2107530
1084925
1204999
341117
1821165
1153273
2218947
2432851
1995055
1396149
559429
1871520
923752
112611
822289
708213
593698
650456
680158
478009
1985203
745567
2264944
1114345
2009630
2007113
458468
913790
1842945
271834
360805
1663441
789202
1501346
2304991
981224
1687718
2167200
2226720
413884
195193
488264
2232345
2290287
1854805
840922
199870
1333962
1586373
2077000
2090359
526854
1516025
1585838
2131112
1349527
2059726
1281476
702444
1558783
2176397
1420664
1711767
805989
2219058
1967218
354606
1157197
893463
1386893
1220125
2191647
194281
263313
163432
716477
2236985
1911727
1559757
1980100
528804
574243
1563962
449664
1945412
1605454
767606
1069544
283370
656995
135346
1147980
1289022
2189647
1652682
231249
1090200
145012
1069046
2406643
942792
1981748
56144
2330901
1856333
1192039
144759
1257344
55657
761759
726629
1557813
1328227
553321
567442
1517177
382310
814704
2150185
1226836
1685683
420960
923746
216647
2230679
1503001
87306
1417948
1097420
1114855
717564
82716
1050985
1431257
1535762
1049372
1764161
1853259
1413558
1941677
822498
1223125
1289791
435640
54288
2044489
1165731
1557480
830639
1571141
222293
2049766
1025766
445357
1743911
558106
1767265
1435117
42553
245105
1578422
658718
1286989
878989
2388980
1788005
2357278
1663498
1225776
1834307
2035601
130456
940924
2385731
406168
529476
1255884
1320845
976017
978705
556452
1397303
1226289
2102183
131798
192915
281595
76428
1137984
1697673
2268949
838047
446910
545608
553324
1413529
831682
2001623
2259084
1689336
824066
1444150
2138097
1574981
1291061
1671699
2064330
1052484
2115634
1507819
206429
562275
1241240
1153605
326304
409339
356510
519125
1477616
1483320
2145278
1548251
1979133
92454
575841
622835
2330714
1027638
305182
1033615
1417744
119464
1533972
1866988
394461
766608
1056381
101833
277349
2098731
302178
1000644
1186608
155181
1437763
1859618
2199486
831798
1608740
168262
2296278
1327426
944758
385164
1161554
429686
1076991
1228809
897453
966655
2054412
2182982
1594691
1595241
2045549
1671125
54019
767464
1217160
1527217
1461721
369139
641873
894509
586465
1046172
22265
2223339
879193
1578475
997355
2401662
997554
605915
1586453
1912934
1501900
1031674
1518899
1166232
1045686
282995
580674
69565
1254906
2383499
1335907
1183209
1931773
1977178
32466
1304059
1685847
312856
1244520
2264348
1446836
113861
352424
201696
710815
2403268
2025964
2065023
396611
474584
1558832
380858
1081276
2049081
1315367
1113152
321586
342328
2241505
638283
1516704
733098
2372164
1387551
2407868
1822864
119995
112195
661275
2186591
2342923
1440126
560628
1002527
298051
1254184
719731
197017
1121846
580665
720911
36367
274719
706440
1553113
1387314
2437314
2110304
304239
130036
757632
477644
1986026
1428507
1818419
1903006
2348150
2014752
182198
1624543
1767162
19136
1248303
635221
2304750
2354848
1556366
1165811
2052680
1970375
527477
1237064
453880
1780751
233376
64773
1224747
157974
1379391
777742
1909032
1443808
1622681
797939
1079790
2241368
915838
254084
2142644
1619348
2145250
472641
589293
1840669
973154
724132
128373
859769
821467
1355334
1411977
1616978
1399029
1355220
1421762
427138
370865
213697
1210006
209365
1635745
1717290
1387311
513259
1607160
1735657
1843429
503269
1450643
539727
271412
1079003
1799156
28641
1125846
1808028
400930
1871517
321135
408834
365936
1216478
514223
54440
975042
2249357
1465945
943922
187356
601085
2202977
2255919
567672
724258
2023025
2011674
113783
1213500
249123
764345
2322767
2253979
344191
1026062
1283926
2301929
920775
2044865
974941
894031
593465
1766798
252399
2218522
414283
502032
2180799
1035809
885960
1293986
408973
573021
1891681
473984
1875975
1802870
1885268
1925675
2267621
1652503
292123
897269
1303277
2188877
156916
156795
2161025
808345
1053346
912017
1552261
2332658
1375989
1360531
2153408
1670826
807142
2269293
1628691
305569
2408463
2005481
567227
1909983
375166
78025
202591
413853
1614246
617014
356516
723508
2252863
305550
2067616
514448
1342704
1025552
1436300
2002363
2367658
632426
120336
2064802
1128033
1286386
2136562
1270386
445309
2357765
598738
1524423
2424572
1991965
50448
1409291
2207847
1296540
1199743
2146290
1100074
107750
1635458
1877592
1564650
74603
1623342
1831485
1363410
1461827
2427197
885727
1700571
91131
814142
1372065
1351869
1998183
2364564
241211
1614245
420934
32134
1243044
147139
734166
1401944
801016
293
2338908
2082542
1479728
1575656
213428
439402
1278114
875037
1303352
152836
704765
2372827
2185840
535601
2231728
1920620
344392
1571139
1184495
1264688
119987
938517
1949059
1728862
765775
1686868
721862
319839
652969
1941800
1637217
2387244
14594
493484
263562
2423462
1639881
238712
1566501
293758
1480208
943979
1247372
1763492
920155
22988
2135971
2112449
1226290
254088
1385903
1578844
1333570
128130
398559
247200
1177928
1239381
130579
499143
563455
1049371
1943359
1629219
1656720
2133612
2329655
962024
400206
1066278
1245936
1499291
2435470
959330
1733459
1875976
1769885
2384736
988832
1887398
314230
2387096
1517026
727354
801775
552802
947741
1437713
159620
622830
1243299
1095009
1763458
59696
1779691
1861988
845791
1507276
232108
2345077
536823
1102559
483704
2210474
1368458
571147
2320101
82110
1914995
600821
661435
223695
118045
975724
1172395
1433503
1199948
2162464
328767
494386
1474091
2081102
1128434
1274920
1584328
637751
2391424
1161040
458016
1707796
1616912
55884
867426
1643569
1825313
38929
1235076
975569
926529
1435045
1353417
433279
66023
415598
1852593
1994086
934430
1148783
1657261
1319110
1209142
1022393
1645108
886429
132197
792400
2244744
219446
1137007
1868125
329093
1056468
1834184
887380
1232782
926026
2011825
2022288
1391419
2288638
139066
947744
1802621
2304551
2048105
2359960
170655
221281
1920344
166244
999478
418611
959118
933023
1081713
2045701
1815224
1781548
1933949
764948
777781
1150837
84181
78254
562068
1885265
341006
2269479
1989165
480340
1078099
975342
585805
7650
162532
312160
1112005
1918142
1660486
1170997
402231
1939337
1761096
2262976
530700
896061
2384724
1484174
2113715
1523300
287830
151110
1666
692816
356034
265329
433479
1275521
1362428
747644
2020034
2118980
760729
2263183
739103
311495
404788
1129951
1418180
2000572
2031176
1227720
2228893
688260
1325690
2371652
2111579
135697
70255
2136526
1789672
1036761
1865171
74369
1722500
1515520
1954533
1800995
57647
1268998
2075213
517742
1430704
2369944
2101380
1320762
1638866
492632
1035337
1957913
1115981
413891
1634351
221755
2164052
2400845
1599925
828255
572450
232038
744552
2067668
292250
200655
1900716
1180390
1655983
545573
1152481
2387900
405561
1740305
2021974
890192
130604
240999
531950
1332917
1484660
2328405
781637
1021682
2234608
1210022
1472418
338138
400414
1637485
1520238
1698536
1434316
366649
1181304
2100151
853283
758455
1069052
879649
583122
908802
370862
1789571
805913
1392062
1032727
939004
858173
2299149
535430
1438779
1408601
663516
1474798
529237
1755246
280692
1473694
2144887
141615
2250218
323026
718910
2332664
296427
1113156
1341558
1615703
901661
1410551
564711
1233113
1672319
923753
277989
2284179
1708584
1523588
1507381
444807
74067
2369739
1787757
120491
510340
1856610
893404
1054090
1394917
1308195
1856335
319814
2180887
1706454
1534268
362424
2257883
1519897
728608
945533
2328696
88643
938721
1441313
1085198
499050
820800
993170
1559706
1789162
2173255
1854268
1315562
941457
809304
288395
945466
1625276
1191348
1477253
1894944
203477
31318
21606
2361419
2280406
179736
716821
1875703
807327
1578282
2256947
1716369
545000
348152
764950
1176107
1290617
1575922
2209651
124760
1815348
385159
746568
2330715
1068268
1435906
1220437
660624
440974
1760111
1608738
1854264
1672695
1155707
844953
2346089
640759
2219363
867796
1241017
2243424
1275518
584062
1546901
1191307
152950
122225
1571297
1959373
1173345
404659
2295464
806915
338149
161004
533701
1868171
638344
2158915
2145905
1893781
535547
565153
247161
1311173
1644040
2052796
878063
986439
1923273
310716
657551
488937
753134
2215421
210038
441134
1169890
80398
1621524
350908
440731
572101
299590
944388
2260379
670591
1581166
1782657
427403
912470
2171503
822660
1041968
1811237
1298616
150046
1520481
953495
931524
2153026
563825
532126
609859
647685
1256841
1990316
2208141
597555
1775886
1087195
887674
2295101
1786268
742586
155446
200569
268369
448573
1420744
562063
949690
567928
1479432
1532950
1987038
1156816
948729
112309
1100489
1805986
1547805
2190932
1220099
1726771
973917
338946
385018
1625287
1276573
580573
1010827
652308
2247395
1135121
1141892
1925049
1021724
645813
1332631
1219631
1111908
1345436
1558827
1370663
1733773
2177616
947746
1822095
1748304
713245
687329
1301660
2229088
1170345
1520025
1048547
1235414
197939
766081
2170731
870490
194851
682156
1172020
1085722
2257631
224319
2175811
27839
1603466
587592
224859
146933
2187840
923702
405645
1810138
1184461
2385911
881506
886905
1608763
18954
1483586
1762068
974950
245455
1167071
2070564
1662240
1686738
988913
24334
115511
2066226
1459420
1982385
437508
744917
1831476
2186589
2296715
2196017
691394
1802057
1078973
2083595
1241685
1896612
2347503
471277
977220
122344
251563
146973
2171279
2322340
912465
1123608
2436796
2225021
2230639
968252
2008849
1013764
110137
2238522
2365682
407182
2099812
1171021
2157554
1706455
2285534
1574294
1160131
1378248
87972
1964147
403465
2332104
760689
1123547
1946539
956918
1653719
555108
967065
2225835
371568
28934
912223
1682807
2228814
940032
977563
1328787
1249907
108447
638958
644832
570875
1163485
1387703
2245792
1156242
850453
1704882
1086224
1007351
794576
2384720
278688
166241
329660
12125
928843
2187934
680679
1482551
174410
940304
564794
160976
960687
1469500
82359
301966
115590
1390016
398837
2071637
2187495
421028
317085
1264822
1225128
611312
701637
2431307
1036380
325624
1069322
1715629
283274
26747
70754
2359964
1608741
1999430
257663
2321136
1753215
75897
2379029
2153112
1535745
599386
1939609
84315
603383
1244239
1248940
1395305
449029
552812
1437957
1998914
1330209
1957381
2363880
1485158
881578
1451351
907376
234826
2395134
131951
1764565
845577
1405136
423640
419348
1017404
1469465
1846976
427337
747777
703841
1882217
986139
2056115
1525705
24786
171931
871273
12641
1505334
1528946
113286
486498
2164994
772608
877486
1246812
1494273
644435
1094464
1325823
1548612
261915
371898
996395
1012461
1220128
2265120
1956846
928485
2316474
1396348
431945
2424936
1723314
1043728
2288637
2181517
146967
1306323
108842
1744322
2061015
714847
380813
1220289
1648438
1524646
1610163
2182089
205122
974403
715273
2205452
1009619
2119509
2204448
1644218
981270
1312743
2261901
2355854
1909933
1525185
605615
321786
1260087
1895229
301100
1967226
2042789
397079
501076
475996
1295846
1579137
1860142
273762
806006
121290
1376078
1588706
2247320
530648
516969
205121
2223324
680559
1694168
3183
1012067
2368927
840423
1268189
175862
721150
1781607
1395309
2172416
2222674
211342
242547
182159
607230
1744541
774871
1142796
1593736
747506
1973444
611672
2258398
667895
1608761
1064701
1511288
1969410
794775
1745407
1477004
2102559
1169426
1155357
1895780
2057148
643154
1382556
1660482
2242964
1338578
366088
686195
886076
1394549
1983105
71402
197539
333142
302513
2397156
2222877
1526333
1653333
1220521
2265121
359358
1653961
197049
1527730
1715981
1725270
1456183
2060162
1498797
1355283
1418366
1901863
1210663
1032241
2153114
1331594
1862694
176693
503021
431313
577484
513688
1577997
1634562
1891439
1655117
2328124
464544
1220132
1508133
733097
1770603
2404435
2213340
376418
1483043
2201344
1712559
177590
2317329
430341
476855
294140
503260
1621525
208525
2218526
8129
2389824
1619811
152321
1160641
1621522
1887421
245129
2181991
638092
1314047
2332741
1275941
1635534
1022510
147220
887721
2008274
988354
1421619
1193643
1278272
2180805
1005767
2208654
1951303
288340
1635109
463911
2385910
1657576
688412
54958
1270707
670891
389271
1339063
636818
298460
644584
1555636
451315
1220126
1401912
2385383
1276897
1914797
2395767
1287073
141613
992003
1285694
975394
1583272
1170527
1709599
645610
2004344
254085
162754
1680880
1770702
1890547
568758
2431507
1824037
112985
189696
802446
638861
1598469
767605
1184462
1041271
1036742
1233938
464738
2407953
592748
986138
1085856
1519790
1078820
2306442
1981851
595316
1719992
1442840
964909
1935907
609400
1953304
1634284
714476
981555
1211996
210488
426416
1049784
171004
566652
910373
1359411
98319
2180879
166714
2095681
559237
2282967
2142850
1650697
57885
1726031
2083719
1531942
1290772
2317942
832400
91734
683453
1277859
684119
1169758
584322
2101993
1845799
1904950
2190931
978667
2277322
1803665
959602
1575664
1282341
523170
1756869
2153109
812044
1123918
394877
401082
2075365
201905
2323471
724005
1235365
332052
1842047
1271158
1213408
1823154
2285404
446540
484985
1420940
743222
196313
1863534
1343371
1699324
2029778
708954
371042
711510
340740
956958
362402
1303043
1802075
2265579
149332
1095008
1473328
714854
1907031
150023
1955711
227963
1087242
1478049
2310551
686696
1003169
1065888
2292675
1081681
1141731
2281568
1000881
2434430
947446
2303209
1931484
1113868
2053758
1869800
1604474
1369368
1645164
805551
1814164
348027
2558
1091474
912014
1498352
662822
664466
1110978
294798
1066999
1577464
1079807
1292867
742916
2195318
1145640
1662074
1361929
1070259
2002885
2271267
298648
1998738
581557
185296
564582
866199
34752
719320
80649
2149805
92751
384894
1523179
1581167
1868957
421403
787472
1563556
940471
1512213
1521796
1652351
2395502
476840
2398485
2138937
1760387
563288
1961137
187891
2260092
2207054
1716864
1563755
1862601
1893627
1641
74484
1903811
281683
376419
705932
500268
436224
1406345
338722
521830
421474
240653
900501
1563745
2006542
1577372
1315371
1026951
1252038
1318372
2272466
1835710
1946920
131909
1090967
1338712
603275
994920
501257
712448
461596
1174266
723000
1817958
432711
656029
301015
1935085
2242421
2178471
1860882
1882374
2245766
887378
225717
1795517
220471
397615
859790
2185650
1551153
562461
485407
2318622
1702612
1213782
816306
57745
1535398
551503
163203
1267601
1820737
2148234
1775966
2074293
2408467
313477
966271
1499204
1673806
479199
2217872
1589903
424086
1502206
365995
1472451
54513
972582
1009659
1607286
506450
1721580
1806222
807102
416831
2331851
1490630
744367
2220266
880143
2089487
2430326
225644
1099495
1963879
1365776
2071393
1342422
672787
665160
652668
155532
677578
1529576
104100
1800664
1593217
1780071
1396062
2172247
667646
350907
1975135
336609
1019863
364221
1125139
928298
1690806
2120090
1870207
290367
2191809
2425508
1220260
195015
290845
1115095
680557
968862
2082592
831667
682275
308749
2143958
2223331
554946
663454
868962
910054
1327425
923748
713531
1632621
39500
1159203
453589
1024943
1714359
1009675
395429
439220
571197
1829335
1001136
1990703
204592
118502
762936
924389
2133189
1804589
483375
675047
308746
2059913
643517
1779563
1552617
1763158
114798
2345714
1608757
42416
330089
603088
1223831
1446377
1166504
600822
2403113
1818354
431905
1381677
878026
2029199
751550
194609
2290799
1652721
337592
1125657
2038207
2164031
580966
1819761
370824
917097
2328409
273129
1506503
756280
2395385
480453
433066
2027651
2070045
2295867
449563
873139
1903518
2364421
322900
1299279
2382056
870489
1515224
1810014
1016664
1113869
1081182
881549
517138
2071155
2258083
923423
62091
701074
2163472
1213704
777182
1317076
483389
678951
2165407
1471558
884335
1416613
1349356
146929
1184835
2112771
1194518
227585
1612071
1716047
1799077
1849838
711053
2272474
1459101
2302728
2218896
2126579
1796015
2105980
1568335
328486
724268
1827517
576803
2269003
223949
1052086
1036332
1290900
2222891
498311
1191059
1113609
1985388
1617448
1317154
373453
2311360
158254
74428
65558
1206278
244816
1113253
1835555
1943173
755467
1695607
1623018
1831411
1629056
976807
176944
2427173
1350357
1105710
1885264
1917458
1958668
701346
1762183
399020
28010
2410564
270931
1191390
828866
1231732
1822369
1571456
1959572
1277852
1264824
502829
2053808
2071460
1071139
146318
990578
750753
1086731
2153669
1129953
2274210
657659
1662119
1979127
1326663
841784
337635
1945856
1068942
184677
2354436
1694833
577335
758431
273920
1438336
1160250
2428665
1821497
873199
1095106
1141609
2087761
108043
320198
27997
2164354
177170
478714
1108592
90720
157403
1705056
1855643
831521
2104515
1766904
304253
56784
2035730
1039343
1506276
2331823
1241566
1527382
2402261
381266
2253803
2253021
168740
1128611
923617
2129037
584081
1317421
600695
1354834
1281328
1737881
194284
752371
119586
829746
1079180
816828
1559609
1200265
1764976
1056777
1240312
1916876
2022588
395184
1261567
959401
2290509
908382
446177
1899384
758347
566209
2230992
1701610
280465
166247
571979
2384110
241102
856290
1350892
17854
2377526
1476395
1871541
1307573
1303105
272057
2388101
168060
438055
2247538
2145012
426091
1467711
1482949
1407187
1095578
2170584
285410
58126
504461
1116915
890520
1421608
146903
1723262
1887565
721145
1662239
2322566
835890
1340294
536574
698476
1757366
474200
1014670
1858793
1271128
272435
1622024
1879796
577498
528284
2346047
1727272
884634
2140488
213691
1502306
667647
1657587
1185723
986137
1233175
2095948
618111
118837
392087
978424
322847
2368163
2148027
1381675
135929
1991013
260853
5566
982915
68271
1617450
491433
1256882
1948734
2294210
61509
2098625
1677502
1032308
2167149
2195701
908837
72859
761758
1815109
2151715
671297
2162165
1639831
1923527
1098936
1691728
1918249
1850246
1229025
1929447
1919890
1483363
2016740
2171711
1853039
350913
837128
1337797
1406348
2123892
1114052
1432976
2044726
259418
1427559
1581371
313786
1272975
445625
1049159
1681423
506109
287249
1983750
1733695
719923
2143342
777596
1623003
1849899
1185886
267460
948950
1973994
490350
2048927
1129334
2199410
122288
255962
1478289
631463
758428
1219698
242774
112310
1678576
1388379
1166252
923751
329143
358795
2305815
1165487
509886
649772
856883
2225762
1810193
1007806
1809089
2019248
1498796
1963454
2334801
53914
436844
1705738
996798
725574
2234168
385679
2210231
1053689
2180610
1775051
605134
1603480
10169
261659
440237
1887564
1516290
245050
487138
1928733
1664323
290514
895525
123303
1557441
996966
163986
181562
1592165
1544943
323265
804602
1931973
1093576
2223338
821004
756097
2262203
1898857
1357386
1783356
268015
437505
1641228
292124
885959
2170291
307891
1177949
426350
2073835
1485280
619953
530231
1214130
190100
944520
980700
238698
1254145
391337
1957487
2133820
1943362
405100
17238
176498
1188203
219636
2098401
441995
1005441
1786877
108044
241925
1700894
98750
765218
2201735
859162
1846809
1275512
1596783
389546
2055622
1081070
800761
545739
2356762
1537350
1972333
296182
1875973
571144
1217958
568404
588198
1584521
656030
252409
1410969
1903760
1880991
791378
116955
267157
1828372
54378
921046
1885077
530694
537690
1693903
267253
1255939
1851859
689491
674738
953150
141614
1815835
2433912
838333
1406344
1790141
2381996
1946888
488828
182509
2170507
131943
988934
1180393
1293435
1722686
1216238
2008667
335306
517459
1385824
100887
1503925
1013617
1261990
48266
343837
824906
1996248
1389782
1206484
355805
1701962
2424316
897224
1156817
16576
520686
2409618
1213477
1158606
2105562
2065364
392574
143185
1258264
1876431
739846
2182705
1875964
797098
931241
177292
281608
1624218
1781596
927654
2348155
745913
1270999
1471065
98349
1207657
1226784
1375678
1453902
2354584
81516
712469
1542770
2161530
1002887
850438
1049467
257693
837905
963385
591360
1289537
2072405
1657701
2362948
1257791
1522524
1828489
251979
1868526
1754543
90310
1827357
1437770
1462846
1642653
781591
1321142
1385908
256468
552875
550384
690060
466827
719698
1557786
696120
1064728
2024264
1269132
1834758
2187877
959297
59419
210084
293643
2137274
123082
1534965
1701662
1941857
1135676
188282
1786422
1604945
1671446
1300268
88589
1089975
1028454
1413392
235597
33830
249759
684218
2320982
1799398
352587
1907035
381739
1827238
2369825
909797
1967096
2047237
667333
226117
1851791
2007470
1920318
205119
517461
25045
1056759
1184445
707982
750265
1877092
1167973
2385958
1297342
1434319
589720
1581372
463246
1075484
1739130
204117
2394069
724591
1720791
1292866
607081
81143
1266261
1589203
908426
104718
2330698
1724232
1564637
148973
413456
1275098
1769575
1688759
1240756
1536752
1496869
600645
437856
1157931
1598982
93058
1758930
623463
970084
1515655
1750300
309325
2225256
1486495
385903
2002364
2248857
2222602
1174416
2078842
1775333
1816969
2431945
2083220
133691
1608841
1005883
222561
1513315
1806703
1729383
2413987
459080
1212096
2319061
932885
1410433
926027
1548840
2041412
2333401
726009
653413
1265718
2372497
1410825
154643
998938
1692818
655784
1303351
136829
185361
1095418
702776
2102258
1608760
1810140
2154979
254086
495557
885289
446240
1257500
720606
2103796
1069292
1948732
173648
1719624
487456
2165281
1181399
1129950
366091
1258853
1403565
2056153
2410390
1082370
2159510
863017
563838
683704
512443
405104
2153024
1799523
2311451
2409433
241731
88089
1814185
1622528
859506
970817
1541038
980310
710001
949569
1611817
2361996
2277412
1532190
2376110
270256
569223
856522
213569
1391250
680617
623547
2224149
1492127
1032960
719700
1752190
2267887
1978957
1782500
498308
1795507
756641
1321143
581149
1918100
1013279
1978509
887473
1437767
664530
708431
1827633
23009
1530434
2243447
1033803
1440572
876106
56262
1350356
2082710
856884
268096
2235703
478393
863756
713781
2112767
2102025
814702
1516554
866504
1945616
1410219
872265
5159
2057150
1693960
410225
2302238
294615
1219031
1000880
1746408
2420417
763430
705202
1406190
1623041
1306186
797582
1495481
1066720
1931026
1244075
369535
1364635
1302727
760945
724474
1906907
147817
562967
1307480
1353419
833813
24741
2107955
472177
841554
1365994
837212
902626
309320
1193500
1879045
1923520
718098
893740
1808319
192453
1247255
989694
2302082
1474039
1410033
2248423
413300
599253
2334529
1243629
752253
853378
365290
619148
348701
1951826
1480986
1249659
1985128
312952
2046064
1619936
447557
279804
379392
442075
247970
698758
979161
2009234
451562
1847960
924393
1849364
1522097
100436
1597504
2190794
489249
1210415
1735952
957343
489915
558919
192065
892736
1754788
2283919
460321
972905
67177
410560
195536
1850926
612307
597800
83038
1235862
1568167
876030
1761358
1409937
1491243
1657702
1158688
1833260
186224
231326
1937473
1738933
2291572
1622645
1115369
801605
2018322
884837
97513
925232
2094438
1021725
2131950
301596
1911606
1725886
300974
618750
1237703
2340316
1723060
1355249
512132
106481
2351976
526410
1931983
564137
1932825
34399
2050709
1494608
19238
1184460
1504893
177962
556281
2215929
1859956
1361514
637022
2062438
98850
2205593
1065452
1594829
2275519
375513
1978956
814144
2405996
1793764
806094
1822292
39510
930114
443724
1156830
1422772
822574
1528468
873201
188809
1977596
1887540
1411116
1337391
519947
2413337
605021
1308824
948798
1029319
1449257
1989696
1140515
2038571
2180882
587230
1118866
496231
614547
1711568
1776199
93416
1135123
956917
274661
964361
399967
1172798
1493000
320464
1753353
1658292
1700657
2250428
160458
1114141
1603807
1884731
254188
904664
1684322
1461962
1649576
197906
1365993
1797964
2193758
784225
2258461
1556035
481733
604938
46339
1868041
1435178
127120
924386
603999
1989413
1490589
334701
2177772
1026904
2346090
1087120
1897366
899854
594883
527009
1082371
1881005
479284
2331394
208184
2153113
1005368
1499203
2083972
42024
992634
385824
345749
704587
1707001
1737878
175269
1255539
1982006
2422846
2079975
1991015
564055
802447
1400411
2061951
141055
1980119
2070493
19139
1138875
349888
1802592
2102263
432667
628259
719733
2327462
840653
475197
1333997
1170399
1498663
696870
876303
1523299
2014753
1645775
1145315
2062256
572906
721233
1737133
304416
1168586
47100
1937056
1026058
190505
533324
1932631
1948120
1052849
384926
970117
1353226
290536
2027246
1226144
219022
818576
1507157
552518
1572335
1697085
1513137
879118
2218528
278908
1210266
197438
469741
1971491
443056
1256638
1343910
2365469
795939
85933
424087
870727
2409511
247820
89340
2359961
715454
282007
832342
509064
191505
975045
1603414
2240313
1512815
127284
1448334
600948
512932
2011694
1392827
1397217
2062436
1861987
1866349
587242
1038764
202714
2171712
922096
1268137
1742063
1805438
1338236
2417416
359792
992106
1940026
2165388
1681815
122010
1702514
2186171
1068563
1917381
73264
223755
858147
31402
2415941
781377
2404963
898725
1967465
1736572
2058520
1734589
1759119
1766799
1813911
2161128
406895
1241701
2040585
257158
1389392
772436
677535
1869445
1799063
917566
1548863
1133189
634615
1489046
47856
824107
2297996
1165808
101799
2389206
1162299
440976
759313
1115778
175807
1425149
661054
1161041
1003838
1099496
856551
418935
1513338
1527733
1024827
1607451
2126129
1589012
1454116
2199388
266671
297024
910457
1689237
1943224
1764949
542886
952250
1437765
527067
1157652
304764
362739
2344127
1726122
415396
244815
1023450
2189858
221282
2179370
2083985
2371574
804263
2208391
1662073
1109478
2407735
1811766
1773097
1625719
1356938
1802309
263664
1110983
2319049
296225
1280238
1450257
1246661
301610
160200
1547553
281532
501222
1144796
1201997
2190986
921625
170326
309178
950029
2031339
2275252
983931
1164238
2305380
861237
1137006
17069
1739364
1861728
821407
1247393
1260161
801136
1800659
305418
1152111
568861
1644507
2060164
1561283
1463937
2300143
850235
2374102
51419
995611
336618
1384473
1828059
2174916
2158959
1118339
638863
1410095
920390
309428
999650
1347049
378806
950412
624700
1871131
1359282
1033642
2256128
112212
934159
1109968
859504
1366186
1553460
1856848
2057049
777372
354658
1073618
416165
2151275
791525
65230
2036506
973425
726084
570308
206368
817281
1000311
662815
1889022
517460
2085058
616166
2284163
1387312
1888425
1850896
329773
213025
1171022
1181315
1553458
1630749
322957
413883
1461012
718211
1412341
2429305
473194
1067851
268044
1368886
855067
1639938
1872904
277903
1577018
9752
1548250
1686457
1887255
477272
1214441
1237316
255100
972376
257919
668983
1178924
1712313
1980608
238555
1195622
1510210
197211
2165993
2014758
2362530
2385824
1128455
1520538
1266988
2303957
22757
1882772
496608
2084187
286666
1576139
1286111
2337867
34314
333964
1910216
2333638
1425147
2066375
316066
1342060
860566
1403019
114707
992698
1904028
768834
1323691
1723011
1694080
546576
1170467
799220
622519
779562
437514
2126515
351605
1149844
1234513
107838
656218
585837
2349509
964805
533695
1546326
1728500
619149
260224
1476396
1173220
1251760
463269
756557
565648
594536
342905
647095
747492
391794
1167855
1288060
191357
330412
908298
2333399
147310
1000879
1232816
2256945
1245453
191543
973508
1838488
177639
552417
91304
1405367
1766903
652137
1455664
622379
1228306
34457
355479
511036
717830
1694170
2023718
2118500
1962173
107491
532337
761760
1239719
1908705
316911
1272458
1032753
2140842
571755
520796
2253033
1759014
320787
1414479
1382559
1462564
1253888
1861179
206295
1686271
210109
2130538
2186234
233388
1386599
1546836
1863070
351606
456815
2000745
1591506
2115609
1279663
1711449
1650223
124825
2021607
1603393
1445087
1311278
1812565
1408200
1815105
1160432
2070305
548739
188942
2014880
1324105
2348464
1362322
1368668
425650
1070405
903324
938027
498302
422573
1619455
853043
1545843
429697
375532
532627
2173789
1497762
1315373
1459722
666675
93411
1213858
585516
641371
977512
1372911
1439461
371546
307948
2359975
88188
608900
2268757
898759
1087786
276558
814703
233324
290526
503348
760737
1194068
1505702
71579
921079
1381634
676443
1524254
1679726
506844
1005435
1979960
516686
1376721
2119406
855933
159436
1092986
1330581
1462607
1550639
322922
2294943
1478949
141690
513667
2234986
1094463
2126167
692981
2044724
328445
555849
1456774
1650994
375164
1597505
1013493
1070740
802443
1755001
928357
1192097
253534
232994
1962442
950341
2245703
1096592
2352403
1618438
1751170
2164993
296742
2414304
835666
1405043
2289783
1557110
1686543
498525
2136785
1466288
1672458
885837
484438
290529
1129468
1711572
1960702
1901577
2038681
1384565
1308760
1856331
532968
355307
820627
1369758
931072
117087
1571453
1474858
2189671
1861337
1971490
206759
449033
482170
1527322
1868821
628163
222312
2081357
2236634
948627
258685
255696
472958
1424617
1591428
1005440
2131069
1151904
497291
774060
2380393
1764703
2315440
879751
1567792
1667614
730430
595100
711610
1951342
1677644
1019490
2424348
2397563
406401
2018072
1104115
1946014
1382422
1021101
519231
1527341
557987
1162354
1832301
1065221
1394551
2088346
1607272
1867061
2102897
1231582
2231631
827245
967782
133650
1006673
2044940
2376870
845361
2144309
223560
2402789
478724
1437728
1452681
1404144
797584
1720756
185042
2291790
1739056
836532
1545123
409229
1950
385855
1225518
699682
1347668
2412071
215252
1294493
1073686
2256505
1420831
1150701
477025
1768194
95622
1737748
2390407
752865
1127964
2386592
1371782
1865262
1443317
1113200
1003168
1645862
1542150
1678845
698589
2022490
1209271
540200
814773
755498
367848
1045174
441927
549586
1910254
2380397
688633
1490483
1559125
916565
1422051
1521910
1044066
1822690
730834
1195244
2356031
1220131
1911259
1045693
1345094
1721497
1374542
2172557
147750
337385
533197
803552
2105997
2281636
1682656
2186435
209041
193302
208182
1462896
1281247
2284738
644384
1875340
621855
590851
908805
937422
562067
1622922
349432
1035442
1045261
872266
2326242
1414585
1814877
2000252
233720
1828096
1608739
431871
2143038
482212
2186841
649020
2376064
1923519
1374884
26008
354335
2152747
2111050
2240314
1963431
2300254
681580
1960919
1534966
1876465
1972448
307255
834453
2010917
2225868
1665241
2306530
1820877
190101
1387310
867907
717934
2065736
1798094
1980291
2338064
1224623
1159141
1369667
44158
550686
845171
1266501
2077211
1589901
158899
867876
366533
1161270
651420
152828
887379
1517397
775854
1212975
721446
2292118
625073
916427
397616
501251
2396447
948493
1145726
923670
1228305
553571
931075
498298
1084892
2076492
1442680
1294557
47404
1363025
1623466
1372063
223778
1887778
1011875
55228
1005358
1838018
1973830
78445
1345594
2264547
1224329
638704
617531
1253035
229775
1565523
775063
2283534
2042094
2349707
39934
1017628
2419495
39676
116618
2367844
912477
2231935
71559
2221657
1001269
1262082
200634
113862
532179
1281019
1088475
122189
919844
718794
2128205
166265
892703
1043329
1486065
114906
146938
293459
702717
344288
1353846
1490631
1526513
2187932
190757
44569
1608843
554888
1327887
315103
2431682
717405
2201478
760735
531111
10373
2103658
145355
1621526
2062254
1965038
2237500
1459419
1200520
301014
1505701
261436
1580230
984623
1081912
516736
1196435
426229
1894218
1766906
611891
1694067
1116195
1552376
1168569
1284861
2070050
1726801
1349528
1405550
2072387
31487
2363650
229642
1049854
618746
2154981
259353
2113526
1635265
2039811
369812
387909
1804582
893208
1166529
1542819
469223
1249553
2000766
974617
39403
711563
803185
2348045
400224
1006739
89033
1726437
755676
1754986
2180885
296447
1156934
1289671
1812467
159494
241620
205416
1661126
787633
919752
1791187
2110600
2121865
1196049
746528
2194683
2057146
2185994
262120
2238302
837997
1970586
686206
688689
725645
1251136
52841
801538
10315
157028
826492
2016870
1542004
776566
2001893
1186553
2017332
713541
1681194
1166942
274615
1259405
689573
63647
562271
1684280
1797050
1460429
978497
639990
2047213
2117023
2140612
164248
756112
2012617
2220952
2220598
360203
2119196
499402
1785243
398563
760499
603079
938905
2412038
2324510
415905
1236177
1036449
319584
1139146
1184005
437639
178656
1963701
1613113
412374
219779
1991262
1843377
1210036
1592734
2285396
185540
1154557
1578974
1428014
758452
2237228
42661
620314
1939392
467559
2095162
232308
1791577
1434669
2168971
232104
1579952
1939690
141104
32102
573222
1010095
142920
1649631
535429
563698
1926943
554401
2073837
349420
2271243
1547049
54073
718209
1917805
1363006
2400693
13653
1337586
1839553
386262
741083
1430298
1959031
1875971
1904592
1941799
1382318
2154482
207995
1784566
2044725
290535
670985
355302
275731
251143
848387
949107
505894
1826470
1319195
1605521
1372060
1922238
180830
1675940
498299
2367177
1236478
1110987
1705069
507714
1815391
2237213
1507439
1957987
733335
1156282
236853
1731336
2011285
2231037
2405404
762827
200645
596874
1716610
1389095
1302243
196909
721863
978498
1152340
2169765
119984
1878882
2014932
21618
1451797
326018
1373304
200622
1289848
1357481
54975
1893015
635868
2153409
185590
1971938
67280
500563
1728863
263788
2164834
2312877
155517
756114
565377
2362957
1033124
253559
685701
844091
1600292
1830232
1193934
859503
1854266
2204797
1633182
527478
1275733
2254424
2415275
247587
1785115
1160879
203865
1041822
1887563
182799
558362
2075089
1966042
2195011
1587881
533191
563760
151205
870458
2382402
522212
2237166
489951
1715410
360183
2160971
1554891
1585919
418226
1012537
149159
1212706
2382971
1147358
540884
1394366
1269794
1249457
544489
1531741
1219815
2312816
518373
1755853
1779182
1876205
1614021
1436090
1083205
1563936
93518
942225
1943360
680869
1879707
610667
61772
1368306
1732782
1855856
411649
564291
1367063
1132971
650
2300625
952653
1805093
38016
359925
2131209
1003187
1191358
1829407
446423
1155421
1869048
1538705
1668280
1302015
870406
2294801
420168
140647
268335
1636948
1828274
415947
1065049
567444
918586
1052122
2119722
42884
1717519
645611
472778
1378849
254201
1270404
582086
1307087
40451
2393137
2194168
1331602
1945255
2002483
491878
1535458
1108137
831799
1725150
895739
270018
683224
2327938
1655735
535466
2014756
161713
1048017
1421084
2281436
754299
1656770
64132
1100967
823639
1223385
411921
493639
2247263
70652
1810136
2255505
414182
1525609
2117956
586353
1660740
348308
1185586
2004739
499746
1105996
2412023
807447
1747510
2226427
2234277
638296
422464
855
1371632
610316
170044
1155790
1507271
105464
2309086
1811390
400826
1193123
238888
713207
1648899
1790907
1054476
1219494
943987
2025631
2398086
2194411
1788325
1938011
2154034
278913
527408
349058
1539609
1040628
2410735
93873
1068564
2301258
1391113
2142395
254216
644417
690660
923714
308893
1976121
2184006
2412044
2334739
1969176
1389785
1608742
356611
787483
1769858
1744112
1907222
690510
1565380
160929
1691828
1117927
1938738
134059
2003034
596430
2213146
1789259
1223323
2153509
422059
2155660
724006
2165007
1008993
2346320
710404
1567155
1580363
223562
1292894
1405602
2068545
173790
1357999
1386575
1880553
635122
1153751
45387
472346
604893
1216744
496035
2153110
1659500
2292636
1012474
2215442
904341
1230705
1686893
1083900
759513
1212263
463397
1692869
976608
187525
1606567
2284873
703015
239300
1351160
986907
1968864
801946
1525055
2278500
863482
2367805
899047
530701
1099501
304454
1929730
2251933
605571
614695
1191199
2188223
188823
802847
268126
1381674
1185983
435038
723001
1489954
2356771
766080
2339160
652180
281299
214561
918798
2366996
46647
1911689
424858
1047540
104271
1425233
1607780
976231
1040696
312865
2220800
2394190
1910358
644929
1410520
1578711
1008994
7940
895114
1323525
2076472
776286
2359962
1424847
2419264
340865
308892
733052
864066
1793055
2296833
2327460
1671435
1730878
605755
1225902
1829293
2379106
786185
1036518
287698
513304
1188083
2031676
1010201
482171
1798339
1315298
2294531
436495
2348888
644048
781378
96812
1079650
380941
674182
1772037
1435922
1940859
1839204
660460
984626
1631344
397809
824059
845646
372882
1886360
80276
1853971
1468424
1279675
50074
781512
356729
1049877
1605379
1314041
1760422
204736
2080893
1572413
568653
1538534
2165479
54521
17071
150728
765557
1608408
116103
2312632
1598454
383601
448833
578564
147289
1542169
622527
2215831
580935
1067481
94771
2403190
655383
1143493
1113154
1979128
2180985
1880979
596420
1365056
2216817
2070047
719697
57803
83039
2349904
1287603
1970019
996976
187892
2132836
1436534
2351239
2290237
541145
1182878
1118109
152194
1451580
911474
388651
931525
1226967
1306220
409003
1588743
653106
1705026
1933898
1864577
1227993
710262
1178389
1459791
924387
1027035
1317005
432275
205415
328959
1217380
1794185
588502
750028
1209838
636694
373728
2014813
1177916
1178781
391643
2416671
1429110
851773
1998918
1619122
1190858
1569451
1772694
2303924
278905
1025565
2249622
795431
1255581
2332674
2034877
58169
1735220
2052308
720362
834393
1264823
861884
1287084
1596644
1387573
1971941
131314
1032652
713116
584335
1543605
1288906
1110050
2221908
1404890
1308401
2297149
76918
1489381
1731375
799685
722234
1964356
232353
2359037
1194004
2053241
2261588
2002163
254217
119985
1315354
1948519
2420926
263333
1205382
1168672
816812
760728
582451
697811
2013793
2054533
2386254
821584
2149705
1786649
1362210
1058121
2237744
1898164
479617
708268
1661432
1392878
2279985
1116179
878350
1491879
389382
966509
397619
2329657
467351
2152278
147624
22004
1290929
1272431
499932
1699294
1929633
2058396
472798
814664
682152
519945
1703002
2244141
2395384
2338271
66199
1264444
261095
1600121
752442
1149189
2194426
923749
110306
45031
474000
2291517
1576657
2100152
201935
339545
1860144
1973555
1419574
2174762
860698
283009
451975
1689467
1135127
2043770
1802998
1073167
2104061
895559
973303
2063541
1475107
1322878
2253602
1801808
2094722
2233056
2230120
399211
1883466
1966041
1018518
2028101
536065
669171
2365407
1081966
1567606
1973193
604833
2130195
836755
871272
2219059
2262228
323495
106937
49471
725815
1220129
1207039
2129557
2296626
1731883
2304549
1821503
250044
436936
1950107
679776
1693195
1064787
1352623
1556741
1558012
726094
414243
214560
184545
1548248
981212
1555937
1055254
2214876
2193140
2186802
864864
414118
704198
1234132
510732
1579953
2328558
1557608
1924622
2231809
1292279
2245824
590146
1497066
843445
1930540
1644228
1629630
805958
1907499
757628
170045
786305
892318
1243787
850872
554568
2287942
729556
1565272
473173
493215
1442838
381576
1851317
178141
2303165
804383
1184629
269895
866265
1332020
1328418
294139
182752
530699
1210660
2066687
1648731
990600
150030
2047644
2042090
232807
1041125
423359
1429202
885285
2129284
557810
1104371
2284173
1342032
189168
1962604
480011
2240249
1534243
1253852
2384727
973363
2112836
2038786
2136061
1646450
855229
2029614
700978
2039083
308891
2259591
1875974
1282692
2437928
221017
605686
52511
1961017
2111154
881055
2078522
1329468
14310
1612112
1994207
327584
1771778
298491
2072051
2096591
873286
1433416
2134285
255667
239973
714147
895758
1081125
1419192
1393477
1740491
2267884
1841765
934429
488232
2188056
472568
2078120
1014215
1865188
1571697
468316
783146
861785
2160878
427762
870034
329655
1827839
913439
1871518
889271
494305
653794
1437727
1711153
1778432
109152
2141461
94816
2225761
1003389
57859
1605453
530646
2346891
1354449
959296
2189837
2395950
152256
94041
1613077
1562271
1280871
1332715
1601483
369246
677392
1912860
1130193
781513
424831
146926
1394438
2011920
844197
1257115
277456
622249
892269
1256634
2241459
1490712
1163336
924404
1104155
329506
630871
1078822
2063731
1012150
2033880
2313053
2405582
131844
53414
1034716
1509327
1048573
400738
1009560
1514035
1288953
316764
76934
89898
542901
2400850
515278
961423
122083
1057559
443077
1492478
2152454
189894
265520
356317
283260
1073619
1324370
900500
108448
1005881
1319106
2157899
2096153
1734616
377638
868843
217184
584073
1795181
1122370
37919
1382
1011911
886481
390671
210098
522935
192384
409967
1489560
1728719
341338
1597145
355004
356075
2236645
2026307
2390979
803849
1951304
551067
2220206
2253902
2337788
2039181
262635
1556511
617013
427496
2110884
355491
2093708
203323
947742
96377
1922199
1494534
521620
30335
249213
1789701
68184
1035339
107154
340274
748582
175948
981468
1924514
2048467
951904
143672
130594
158359
1621523
314291
80899
1837753
773835
859488
268267
1871522
1525048
1316419
1078241
1185178
483586
863014
2038787
113145
2339735
329899
250000
1132399
1308783
2070307
46880
1456752
747495
1533010
1053787
552290
985481
1735519
30121
1891505
223563
779333
931074
1427509
619147
1988502
199695
97738
673514
478351
525277
947649
2271007
2394625
1088756
1966870
1987776
724687
1149355
2044114
102927
2189924
331477
2432359
330955
943082
1862883
223478
2022108
2046211
2259067
2357070
188311
1228266
2248502
1881102
1836097
1206925
981165
1631903
1275529
220703
2008343
77459
480257
527480
1657221
1035338
67525
181322
258686
2383357
1973194
2084250
1614011
569405
2394070
2408764
2346688
596419
532723
546258
1006077
27293
927692
1901734
523822
1637759
1729617
223561
2268367
296561
296217
1512910
188369
1795508
1722728
1886799
2241435
2199666
1481015
1567390
1156870
2105172
1363401
653181
2069385
709634
1834339
1865798
2219076
1222733
1046669
397741
351608
855227
232350
2105548
626196
87936
1420898
1066197
2339035
401664
1161396
354490
476857
1992689
2129772
1512088
1081226
403431
1725827
1392236
585224
1511591
2194632
1352682
1718638
1514318
2130545
1955708
111450
1192480
1705094
270249
1317351
2412720
255105
492230
855226
1147810
1657322
1491234
925710
2284180
656032
1545844
40684
1899913
2387256
366643
1464296
1796957
1025368
1975340
2113848
2244736
808255
1542466
758456
477257
2222632
1201387
2247439
24451
1723304
1866273
1569489
383540
241280
1031046
2343780
1943585
1955700
697370
231018
1609246
2022415
1214964
2416515
1451104
1794381
1007320
400423
1330718
68272
2119367
2255922
65406
887021
1751686
758453
25808
2141336
2417091
368814
1967671
911268
939065
864650
2424546
1988031
548866
2360577
2432208
226781
1184127
1390315
2390677
1024950
1199334
1800660
2274886
1405167
230475
597486
2133907
2045578
2049920
2191816
617010
1855041
766739
532276
1686494
2348678
1168778
106710
1048473
2092736
1649192
264525
101407
1290669
1938576
352592
1583128
1650090
722458
151580
1737088
1623017
1630666
1674151
116675
543997
1686637
145764
2223323
1503172
1761116
1271820
1775368
1884076
1582677
1674293
1744030
504172
967134
2090825
117022
626255
604592
2397922
1509697
2378704
62723
208162
437510
1365630
1473334
2036524
403176
139440
2122533
1253036
2393384
2377450
1454413
1005444
2433963
182481
517442
1508791
2069617
1892239
709689
2123493
196311
1861582
2132855
388185
327111
1295059
1067520
844412
2072347
1081944
1530872
1815309
25436
152030
410029
936791
1438440
755001
997557
611155
498282
477646
2051406
1295810
1853316
1285254
562809
2036521
711901
2130548
164433
798412
969944
1271234
889563
373726
1246408
792992
1694504
1722520
1454261
1143951
2030471
274659
2131577
596767
796381
2327461
330841
1349098
130048
671450
1953321
1807860
2197427
2341944
1532213
2184976
1102393
476937
489890
40934
851418
844086
1575939
113920
262573
84667
1239145
940992
197884
2055066
1192245
2334115
498310
724004
1987085
1797064
479630
432707
1613183
1650487
1090635
2174214
1222174
1773050
453591
1080220
342711
1555322
498246
2097484
220085
1750047
1064444
1157192
2126302
1406346
83622
2062370
1369757
1718208
897744
1717339
1121845
598976
1527749
2186335
1428341
2046051
1765895
947739
1229253
1137008
744824
1221659
1366724
1593087
643754
2078428
962361
1716754
112977
1619813
1617973
13322
644521
931076
2207628
2015386
294249
1087398
1283048
1997890
1083845
1491289
863753
939967
1426098
1982134
1978206
1841696
1084799
614286
949578
226131
736810
1410667
684776
2013348
98466
1670132
322927
1671010
1587153
2194424
705505
1743264
508968
619955
1981511
1306301
1455349
254089
1768244
645450
59521
823230
167875
1895785
466382
780408
1805917
1129534
197436
766436
1290788
1509088
995190
157402
895792
2326761
788034
1026057
781625
1662072
347106
498477
527409
762296
1413182
521829
1024494
1917563
1279916
699453
1705053
1854267
202927
799498
559391
2317925
2048144
1315299
1871833
2071390
887142
1998742
1215391
1823259
2344557
555860
1949661
1193127
2038847
124330
688718
290528
2129081
1174269
18416
364084
2420439
1357541
1409410
805911
1022397
1472666
1428910
1111233
2299909
2243886
531929
1423121
1604514
117861
1600556
527479
841577
2226722
957075
947135
1493624
1063011
2002362
1694069
1829216
840605
2052710
551563
365191
184993
2289420
456814
812185
1722460
1315372
1852726
1994082
201720
1798413
321539
199015
784987
873937
1110610
110579
2415263
2170714
655599
2249877
2398895
937140
1473638
1777897
870644
2028156
2361362
1899916
1615884
936329
1563323
1315270
481261
400552
977658
1026905
1255665
2178780
151204
158876
1704095
286188
215579
1051085
523957
1584086
43144
1203278
1120540
1814638
1909459
1698067
110293
196926
1759381
514572
1718459
241913
1191044
780330
1895916
1525398
1735667
205352
664825
2421377
2234344
1405218
407307
1323125
1824580
1263038
71167
2258542
856487
2245730
586026
993044
833036
1686864
2419502
486269
1491202
475018
621252
532034
1529578
435729
510630
1621209
1274940
2369740
342191
1505873
2255976
2095278
857960
792558
1561665
625007
2040161
2331852
1170533
1370798
1104855
1817609
1075146
2188033
476277
801434
489409
314734
863993
1149445
1477123
1922750
2419357
2437496
182480
1316205
1830306
1907669
1977218
2413855
372420
2329656
246380
923590
1763553
905661
923755
1459421
285145
2175111
1029317
2110841
1729225
498286
1558611
1191198
1393180
1621453
907432
1505401
1797684
1425950
11937
27126
705236
2290477
572521
2189646
2290769
401408
1435847
530413
385416
1511271
2035122
477024
1388267
1686281
1804443
1770547
725764
622528
2368512
444520
1856697
789068
428547
2228529
2384737
1469716
1041098
926141
2109300
2071578
2064157
303006
927528
1104254
1321557
1622017
347312
516740
631848
2016982
770121
543998
1862193
287799
312272
911171
2415266
1826681
1441885
96323
1218643
97740
2288698
27370
1825827
142524
1179883
1768004
830450
1087921
1325873
200950
498285
1772356
1896672
1790923
2251609
1450877
1394550
669973
1762073
1705163
172834
156777
1516320
122008
1710017
505605
82783
1127416
1341631
757645
2390739
955412
503733
497053
566543
1034331
1389046
1979959
1220744
925108
1160671
356218
1161154
2308076
315204
430564
1091748
1517330
1643585
191584
550875
1232630
1248950
667521
962741
1717252
947740
1382906
1810187
130984
2188373
2368075
1427351
86732
549053
2278488
1192732
617357
496718
1788004
2348158
2185365
1437726
2106517
614042
2243656
758894
1165696
986142
1660788
1315312
1711135
1124160
241798
183261
923744
622801
1420331
329958
510542
560771
1659564
390863
928358
498297
1984514
2231612
1920693
2296793
1090201
1299330
381730
1910348
1882205
2101126
1687735
680499
1804779
781379
1157494
1876206
880114
1792137
1414702
662106
622631
1868399
1993012
166259
1457811
1133400
376799
1922399
1925997
348267
1371911
2304589
553578
1520990
756281
218564
1941436
609887
2044619
1116345
345750
893126
387371
764549
112312
357334
1844758
890270
443418
1143332
1678939
237365
1977777
1154039
1567391
494866
441996
1196669
805032
2259096
976565
291131
2276381
2284171
2320983
900374
1272691
1277770
369503
293897
2294973
1617930
403197
1201761
2340100
1200680
1410674
1278656
638862
1172581
1299721
398568
1005751
1176524
2231101
652939
17311
375437
1620382
2120732
166257
147124
2360575
819355
165704
1740893
1535826
255014
655237
1651739
3357
2218742
903325
230621
1991014
396489
886512
2146575
1736609
512191
1628698
1222405
2223329
397733
2262427
1612942
102838
205120
149406
760738
1213482
2330998
2289405
146930
1213243
1403602
1634697
2288237
795455
1448329
914559
1120860
432319
309891
1307873
1113155
760736
599825
1150528
1837390
187292
2311909
903528
1492711
1657700
237105
2372950
1856835
2057149
1979585
174932
816518
1095187
1855045
219850
634084
224153
1985190
2383303
1069546
2403552
1135161
1701860
836213
1143796
594797
1458886
36581
950028
1372117
1784447
56062
1784539
2420235
51834
302074
1703245
330930
577644
1766801
2157616
1869903
1663863
2094908
2204001
291994
850729
1024867
123836
262574
1401896
2241756
2315257
1952139
211458
893789
2162490
1339248
846935
2266429
2090165
1187530
920228
2424359
1850027
642755
899350
65555
326697
447096
256469
2189649
515723
70069
2273638
554447
517437
1964354
264550
787617
1044232
101329
1063700
215335
1383586
2228388
1087895
2183375
1073311
2125605
870259
1449825
97511
875828
184900
120403
154875
1459685
1558833
1573696
694651
504249
407366
1913528
169396
1897656
1743268
912211
96387
753917
1523806
1964306
169394
1495652
1661212
917379
2329961
206802
254199
991993
2290442
431687
841024
2245387
2164759
269685
2062257
1608750
716198
1625929
1820947
2226719
538320
460317
1688402
682694
1204542
1318688
441715
2288897
623697
170583
1787043
2300861
468878
2000240
2001323
1074222
751880
1018320
587002
1703005
1083288
763064
1641827
189089
927678
1843787
1269793
2317568
605651
2136468
1209140
34703
2247031
1399204
1938631
1463630
2046065
609818
2407108
103884
2368092
54438
2165339
240327
582305
1378485
658184
1613833
1828675
2113771
772287
801600
1289373
1999429
354206
233946
1117168
1463318
2264636
436518
256997
762299
1467408
1720602
2100205
2202022
2086970
1716867
1836297
1281801
845828
150663
484287
1513150
1458895
1778670
2194137
945467
906096
1144197
347976
1378129
377733
1021100
559014
2060012
277891
990520
2348117
713066
2190312
1326276
393242
727174
1671440
101539
890661
1617649
616110
290417
500265
1374882
818059
1009222
1360072
1764968
1394197
322371
530693
631340
456281
2012900
1706977
1859445
716160
971296
1084123
38416
1643902
1934475
1943363
1727230
856838
862146
1050986
1835244
2402794
2400099
295033
2195584
1875963
1220127
1656402
219538
1740235
2015681
2195917
2193375
581368
765283
1288391
990514
1207185
1653962
1814697
633387
2356930
745836
1051544
974371
842740
135696
590230
989911
2345208
1919811
468248
1802728
1898203
2398827
1696090
255197
871271
773742
22126
2190798
1115685
758748
91051
1382225
2211324
2318152
623548
989716
1425830
1860143
1001884
866501
174305
660769
655442
2324141
1899480
1218972
487279
1198200
2144663
281176
513669
1418707
97263
343882
493476
517378
2071130
2175664
1892415
1941352
1125144
1791490
1951561
105561
1009273
2022470
2406598
2153023
410696
971043
2294493
564510
1961009
2129359
1474375
525244
1794808
593679
924882
1222735
2153111
1886939
588993
1166191
602099
201717
2132572
2188642
603633
1697875
2415279
1721680
607251
1071285
1131024
232094
443076
223288
843413
375165
65625
348026
1697836
2285879
289806
1354166
977793
2229660
801542
823122
1024754
1451993
665521
1156030
1473640
1199983
1547047
1879434
1294883
1415310
1392013
1399715
1480989
51362
522782
1753760
1721751
2409769
799344
1505229
647684
764742
1252572
65556
2392387
2254447
182930
202130
424611
1595186
236647
2049016
2384738
1791982
1994963
934097
1055245
1627333
1500809
306173
694841
834581
1415038
1613067
1628636
1794046
1370772
1111482
798389
613441
834149
851719
926125
1661433
2195356
117089
2058374
2060060
2069564
1703293
1969418
1690024
33829
2278490
1406628
897454
21545
2432403
225751
1865413
1893865
1540208
1576806
1741424
2179599
69662
587953
1312463
2181097
2366119
1374026
1473641
162578
1336165
169278
300514
1639653
96129
2224504
255939
595062
876806
956848
2031358
2237047
737741
1191109
857227
1161536
646907
1846975
1797715
2009399
1151679
1904046
238618
312158
1229475
1248244
133257
1282746
2403890
1614247
354601
483271
877319
1315309
679952
1485546
2386990
1271129
242816
2331814
1046542
2438113
2065216
1290166
1770215
1332840
1023676
2260011
1177834
1711793
2155972
756005
262119
428908
2409460
360982
708709
1106791
164163
1108303
1073108
1742140
872267
1923566
395927
2160704
70258
1293029
452563
359638
1637024
2323967
2036551
660626
1727794
558282
11818
66667
9376
479231
1603464
762298
1728752
434190
603097
1288978
2425111
997231
1020072
39811
2111363
756180
2312680
376417
317913
947737
480087
165643
398056
2061969
796682
1944851
1000875
1831220
541039
150573
1133658
1234605
117631
401235
1300117
1406192
2176289
1844297
2359958
1525042
10124
2152357
977506
1035205
2170801
916181
1212828
1561729
260229
2427008
18349
362808
400301
340847
2068394
565374
1229868
1292879
1640684
578796
903314
219540
209043
1022186
691833
2196701
465291
2434421
2266761
1924373
1361665
856704
1061414
2163438
1668493
2168883
1713117
1955709
75717
1757527
2085850
885284
432336
1164763
1892023
440092
1907438
384884
1198621
2317012
307111
2275321
677221
252972
2105561
90384
1126507
1290128
2139085
640474
1249458
1057233
1066313
1468184
212522
878588
2300190
633615
208183
1845048
170297
831677
2043325
1482376
1101411
2135969
1435547
1729626
1380325
226826
1442696
1633281
1308390
2008553
1340187
2113527
1759677
1027132
2137506
1603165
53545
339274
370873
5906
932503
1691155
1181502
2223321
1569486
1582979
1728369
1213503
122082
2117095
1006738
1745876
1657670
949614
1141732
172261
573658
853453
1791474
1982679
347383
1785716
720239
1608764
516923
648186
37242
466025
799686
2283855
1823985
1758206
33996
1906616
619572
1435923
1236232
54518
1983742
1129369
432522
1333209
946719
2204730
1258756
233811
185600
329901
1306715
908804
2188524
1381758
2178949
493444
1669552
116036
528617
584068
1669865
1964149
348185
1814195
1511187
1539841
625008
1827575
2423354
2387368
778929
889917
2306060
855574
1790911
1379644
640256
1120919
135345
2135545
1759505
806439
183734
203561
1191359
765313
1237318
1973091
1315374
377775
772136
424597
262950
1731220
1069545
1810050
537795
711379
1323126
45614
1056464
1353622
1719570
1681709
2399461
1767816
780964
1566707
1578767
149709
858598
916552
1743277
1671433
1134856
1495857
1989625
1734488
136891
277179
309309
1072897
683746
745665
528550
2244494
1100359
2108887
1739979
1955710
1290939
938996
1737918
1883990
849299
2350617
147695
1753927
859774
1274914
1121089
1775248
1929448
1772110
700977
321626
528616
1310575
669721
2015888
2313571
514596
225735
1754101
43666
117152
104911
549141
461080
1993660
841824
767768
1461240
1077999
37226
357738
1702408
680349
322959
1131608
76463
24727
97165
2053297
520910
166261
1047846
1028254
119964
1977171
1881342
2008246
2276957
1369596
1505578
1677754
439169
1859484
400939
1621181
1940253
1170889
2424314
1475842
1479204
1651091
1665817
1657584
2148183
344393
312946
2267885
111247
1173700
1752516
2334185
271830
85183
743294
1976094
151879
1058954
567229
2150816
1998452
631269
1625273
407319
1168777
966653
784563
1073169
422894
1414584
2238005
1613584
1483291
1948059
1988233
429408
1180126
1381470
1725771
918950
729472
1708677
2014809
1916875
2262387
2181843
1063429
1675716
1241796
1386048
988881
1465499
2200763
2106171
928416
609610
1129371
342903
395356
455293
45691
1224730
255573
2128753
429526
1616832
1942309
713115
1027938
113148
2111431
1965776
1553459
119996
1183721
974084
1977461
559081
2418206
912007
1831247
898672
1402618
536714
912924
1844674
1063764
2110881
92649
1700443
381740
712225
1282141
1454352
1546788
782417
1015067
25610
811956
1774949
514602
151937
1776696
969817
1219735
2281214
322960
2430263
1764883
1974571
1491509
1862639
590964
1341191
2354565
225164
522166
401618
1718643
2242854
1435148
430153
1648204
1490862
1587430
1923525
1423721
382095
157534
283824
529069
616177
808018
999211
1362155
1995828
2020172
1296151
1825828
382524
683848
71581
433462
1485160
1373303
2269478
2036523
1608855
1853409
1945304
635085
1280536
1598282
1830566
124992
448529
397251
912018
1522813
2277585
919212
1876543
393435
1717095
1124583
1673664
594602
1924196
1451471
804830
2321767
764469
740926
715356
491809
455292
762908
1705068
71946
118268
1102217
1149040
1528466
2296794
2085500
1901578
1254088
604844
304779
559266
1922447
54407
17718
1125208
1583130
1823777
1210395
2392744
1402932
2073836
1539498
2115578
392218
2242561
2024001
1964150
749011
762937
2306279
2325483
496164
376099
811825
289519
666678
1826011
520553
521216
1023665
1990119
1394439
1637385
1315368
993514
2011491
1652846
1596767
2278497
1414583
1414588
409175
155797
93820
372486
1131610
1982519
807935
422516
248065
548356
740990
27986
2153022
173732
1157817
705781
1139919
153983
1473696
1317842
1560467
2108461
1179326
2200050
1963581
1025916
940785
1011869
2353141
221920
1785717
952517
2246506
2166564
1372061
347801
1982280
832582
1493044
515795
1029318
564164
1140620
535003
155071
1331263
520634
138581
1170339
1854095
1244281
2260012
473195
2307691
1380517
1621528
1534606
151578
267990
1551828
886816
277148
415501
728301
217795
1183547
335691
716161
1801478
211492
1645987
1747890
327585
967334
40027
341349
967781
2359956
1021723
1124491
72852
362738
1624531
2124318
1003746
1234604
2337606
796228
1909912
106033
1975882
615004
1924798
2172943
1955707
167915
1831060
1796107
2117955
2325722
255895
46176
1711561
12607
233747
1770235
2015436
1084280
522783
2014812
489257
541428
1760641
677389
307882
1097417
389497
1614166
478861
1948792
1553549
49340
1485159
276308
1875970
1797869
1045140
2155804
1548517
2247049
1973552
591562
865006
937416
1147940
100437
73158
2176782
576032
186279
350481
94193
1846302
546450
2143853
1088175
862147
394561
112944
1177855
381738
1271284
1012546
147751
1129949
2079349
335837
1644227
966596
771726
227598
389386
506139
578310
1885263
791722
1677641
1144190
2247443
2163419
1977109
814630
299394
348266
39229
394391
2164700
725252
2117212
1062365
672076
783437
504633
2093626
218318
474841
1997880
947738
578908
1371803
2356015
1909421
2026348
943923
2399756
1226080
2347502
237429
1407124
1998790
2147831
1102100
498296
2079901
1240368
2013498
556849
1895401
1142456
212397
36628
84972
1775289
1705272
2385988
1564542
1726251
616085
1309930
166198
1571454
1003788
1869598
82113
1220108
1361356
963518
2099678
376676
1777719
2132265
1237317
1286692
569486
1409280
28161
174390
843035
787471
1217406
1821496
1986582
239255
631359
1471978
1343985
2150055
1386709
517382
1138429
663998
2012700
1121947
2269218
1283383
1343580
2434730
1021106
813555
2233481
399054
2335835
2099208
337634
2057145
1208045
603087
1558779
815919
1603799
1720775
2393087
1735666
1555710
1834338
575558
1410151
1649265
356612
532182
1789069
953182
1086242
1390243
1832162
1159417
1893416
291848
1978955
503552
523222
1280697
824064
823555
455699
1054433
349111
2131110
2433283
1708639
2142396
893405
909289
1659636
2251487
2288839
2402753
462662
2238389
1957323
2249651
916760
556561
1160855
72993
137201
779993
937144
1764569
844497
1712831
1737432
1788007
828960
655459
1850208
2061968
626199
1579237
478735
396863
61259
682023
156796
773451
83915
868842
152595
1945068
896644
869816
365724
603106
1501
751956
290534
1371841
1608842
302308
1244039
853282
510745
2068395
319141
476723
695385
1129948
1072854
921049
1055540
2129434
2313065
2180804
1162238
1718130
2176999
2163296
1594672
2159358
2280145
2360576
1536312
2366402
834357
152186
395422
154302
1558780
65976
376191
577606
408211
1609127
1891824
1215114
1111898
620951
26991
2306529
1353530
458243
1245091
2385565
767066
413886
93529
413369
772515
354660
1087769
2287248
1875528
185604
988678
174518
177232
1902739
1781030
1113955
369789
1736436
1135137
1297660
2221654
2246595
1147
338966
1593035
1749297
1479379
2223325
1691908
243739
1179338
1290793
1997511
337281
1734697
31359
777279
1498328
851718
247683
1682289
1982922
666995
1940301
1984642
1069078
1819715
712470
690261
752250
147715
1886785
128856
107506
463915
387147
2305022
1724845
709883
1788006
940783
54517
1991903
2122620
2322578
2415796
2188853
1770452
698972
760503
1355915
2248067
959080
1601152
1800489
2333711
1545850
657020
413049
2331306
687328
2426945
659088
2132894
1956514
1119448
718060
1404294
1138389
463002
2016741
383711
112015
224609
2224102
2392908
404161
1742423
1872260
2096647
1959135
319357
280075
1228400
1555974
1666893
1993890
69539
1093579
1636558
970340
1292280
33914
431874
1724909
803317
1298650
1610876
2360871
123212
1711242
1238795
1326010
1787557
197925
474685
664721
1242705
1319107
976571
1193164
681880
1196422
1447297
466826
2402278
2415619
758454
476278
2397798
87304
2177663
1318740
1278112
1117032
1206718
617633
393492
1251681
1302795
1011144
374520
1493110
2377552
447799
1367444
1806076
658699
124961
2015234
420857
1016364
2208453
749344
1613074
1519792
499038
1127281
1590871
2060165
1246221
2283190
202928
1165810
1577423
719699
2082533
2180886
1139836
1774978
1626427
142030
716446
1783540
588429
1359629
1890751
97300
1023341
661784
1365995
881140
1506506
688775
1893994
1939852
39233
2163960
73153
1099497
920777
2264519
2034947
2435503
1067482
896296
389536
1800213
1476394
2300546
734824
1812453
64769
1716512
766276
1440298
1292656
1338397
1212273
694613
2016434
385769
625004
859603
652927
1277933
1346586
2357405
301599
162786
1332652
467650
515872
1606698
1244210
2215435
387926
1389149
1363219
806912
2304987
2103923
608992
292624
1355326
2347504
293659
523054
1094295
566153
2186609
2425510
1149358
2117110
1208814
2167437
2382813
348333
912010
583818
1829329
698323
1438998
980208
150032
576731
775528
2230302
920156
2261144
1994070
582580
418421
2335516
1179847
109590
2119670
2273030
569523
1221498
494350
1675817
1489711
987402
1499094
2225565
1140220
1164031
282840
785340
1873392
1493433
1941441
656689
1922193
851720
1129332
845574
1166306
467220
1893893
509805
911978
408652
1500605
925717
483747
396362
1617377
555367
879428
1319466
1839122
1559716
2253601
319927
808334
1674786
1922971
1286310
2219056
747493
1959405
420877
919214
360663
1217801
1418765
399044
2292064
937082
312870
1485162
692603
308609
2278022
1970779
888703
2024322
1097339
166256
1108996
560033
1957159
1330813
1599083
2255506
1387184
434988
1767161
408221
2080984
1598845
524889
1790924
872269
2074680
337700
2114035
611057
455165
1304394
524860
149455
2305188
950696
2345674
2408586
2303899
1586218
2273032
1253610
2064630
1764115
1040468
1231249
1401038
814573
1620125
2125100
1138940
815817
1866313
1130248
2314983
268412
2369738
126836
912921
1224822
998629
1362167
60451
2434971
1017403
1979130
2278498
1536036
986791
893457
1091471
294472
804695
698344
1080013
2138172
134834
769354
369159
1005458
2278304
601418
407401
1275522
1021899
11896
1748694
132688
82129
2432503
2146278
925188
945709
533194
1489559
1748624
1114051
2095872
447335
936060
1587049
129078
2233335
702279
639989
1371272
501745
255954
2365020
1171006
1350358
230029
184678
721861
1794342
803664
406332
611890
2243437
965278
1807008
1134521
1751629
1013418
214349
1160495
947372
1719968
675950
188578
2409160
436750
54514
1617839
121173
842230
899403
25276
863978
787488
404725
134696
770464
1680895
48983
2251415
2077574
734686
53718
327232
1392834
2010714
1713660
1236632
223760
483860
1556744
282563
1257064
2399600
1204182
903408
1058112
2425114
1715912
2099587
119310
1747387
953491
2355636
33438
1081724
1932818
1491246
1684006
107421
2364305
1806221
2178312
1061329
1569488
1325147
1891868
2169172
2264408
2121022
541871
477571
243797
988242
1944775
2337118
2351879
655128
430241
1797577
402693
2269001
98567
2392276
2045807
125579
1124234
1907291
999070
677321
2104989
180394
466118
180386
1557439
563914
320876
607986
1438281
1472788
1560648
1821502
2351240
2209559
547732
2079470
300925
1598465
146950
283596
1859701
1578838
877964
1705070
2398432
1677890
842019
274658
521674
585537
1597422
909648
2151883
694948
74611
614117
1284270
1449099
946450
1547524
1819877
1215191
907731
1524534
851862
2314725
2405145
1827967
257867
1187688
2223332
221907
1793980
551568
461606
1739069
1966705
204509
1491582
783552
1735620
1840961
183106
1370773
1604591
1856334
383818
596292
237360
65557
283727
1200735
1674603
2234928
753600
1770604
1806057
211056
150019
2083371
1763693
72512
1420973
136254
2425676
1162302
1113197
1355222
2151406
2343358
254228
1236251
2036525
767603
1655984
1083202
1776694
2261964
1859429
981371
1498864
2104062
631679
1534608
103885
2070049
83410
859773
984329
1545842
2404936
2403403
1476147
292090
692796
1351595
2427879
1487664
370540
617011
1408303
1452360
1057331
744641
1638526
1501504
2305639
753989
2362517
2078121
1901802
738886
174921
774529
1893046
1911818
1418780
772475
597699
127005
267812
1799779
54023
1098207
212024
429410
519956
1129946
180384
337132
356324
1901853
162624
356322
2155230
1466477
1070284
290688
1938735
1324224
1555541
2108067
696602
1067430
1416603
1843676
1516731
1701329
1382995
1305545
2376913
1514691
694652
28193
251803
1559608
474635
1887667
1590985
610437
1154612
840054
2145268
419674
107808
463862
662463
1651573
2119239
1860496
1529466
220146
2016289
481363
814744
130477
1925841
2190666
1854269
824048
923686
432523
2007008
1680310
1971039
1345479
834795
812884
1831945
697429
1388751
499788
1082257
2090909
2406921
1960249
530466
2152460
2240949
2399614
685694
2235006
1645245
1703183
1268997
824514
2161028
1220101
387977
478719
719132
752503
492946
646983
249330
2345508
1580555
308681
360556
2396766
151195
168369
1509328
801435
2386922
378714
2420209
628874
1271330
1442678
495708
782777
1193237
1884514
284658
1825829
407262
2326659
1019182
1052999
2201253
593294
211460
2114854
1406590
1862549
191762
2373575
420293
1099536
1049206
1211488
1942749
1811279
2410922
303626
1078784
748574
1089172
1663497
1957753
1916587
1935968
924396
1415886
511731
1439888
2154664
183259
474008
1473480
372185
554569
1254690
574093
91094
72011
135420
1513096
119994
1209141
940952
1986427
1608753
974574
1264653
411899
1607734
508881
180389
2180803
2386575
1924135
1283211
929615
1409014
1973954
2243005
158608
2322029
34849
1193898
789552
1128890
722999
1170455
1714523
1660943
706454
1347539
2062258
1559826
311478
1987355
1315310
1477545
592723
799356
2427644
133863
852684
423360
1841282
301964
1617375
27987
1728370
2267506
400199
213508
1142885
2162164
2352382
1210169
1776375
1920574
545493
870246
1201129
2353998
162023
1087037
1465456
2384739
737775
466396
1582969
554190
2003201
85592
318215
323418
968747
1124287
1916460
1627834
1706223
429682
194021
656040
48646
1227054
242840
105521
853086
1819836
375941
1057581
87967
856392
1494732
923773
1434921
556844
885288
1774065
2154891
825479
2232845
1315311
685698
918103
192026
2021447
184057
297389
665853
754908
54592
587514
525667
1901370
203290
901620
53916
1874128
2038375
1193150
2283050
2057738
64794
644000
1646116
194424
1677697
269415
743832
1259533
185929
1637701
586029
1735960
1261291
2092608
1892842
347231
1014765
926025
2318931
2115572
471644
254185
1961657
191583
982669
49326
1436181
1020805
57897
156788
2142831
1394997
1700000
448888
13703
1215064
2134287
1138937
392220
2150118
1829658
787132
1093609
2070141
1043738
1251943
267160
820134
1176230
129676
1962331
1571721
723430
1104689
1864621
1920451
1731473
1652259
1639005
300923
728008
2234461
1242730
53915
1230928
1323158
765948
2045342
1788598
971278
2102375
2314408
2370545
347145
1732318
1667504
2407500
1015136
548876
146319
1932851
1201914
2294734
1012382
1791198
698582
1503210
174922
966665
1728749
166246
1029216
2070030
1186139
1957738
1534854
2256476
1212257
1902349
2311421
930729
1441165
866067
2036520
608511
2186436
609655
1110980
1077446
329894
1594912
225609
885287
1150506
553948
2248658
1428176
713072
820899
2279794
320905
2176051
2189256
885978
12022
1176630
2060163
262497
372761
1388353
2428980
1942218
2009749
529298
548217
2190295
2393219
28474
727077
1058122
650208
1765696
921456
1178559
1938362
1499903
1619821
3787
849144
1444704
482540
146957
1399865
960059
1170341
1241462
1274429
176072
584923
1568843
1897368
102596
553116
1069476
1497093
623549
1301390
148049
375865
1605407
2185339
320795
2389422
1737178
1614579
1066331
2216794
2082016
2204304
213694
1704714
720847
972968
1525052
503322
1496382
1472708
557055
331245
1863281
1365992
588977
2241403
1554533
1470189
2233001
2021331
1322094
1479840
418305
2384721
1804399
2349774
2400668
194229
2172558
633124
1006026
1520816
1679769
1263308
84270
1280874
1580982
1026064
1311449
1943364
2019259
2226886
289387
2370847
2395372
1507241
1728765
580230
1013558
2094798
1266424
558092
656035
2053738
2330209
2053041
712286
900499
232483
2062292
356430
1639931
2031683
1676215
853391
517716
263953
2053783
2189889
945469
1394167
2346013
89743
3725
1277118
1303203
1626538
258091
1553535
214416
590504
437779
124393
1019309
626778
2267669
106938
603080
1848435
2000034
557419
405614
761924
498309
2306531
1986663
339028
1793493
254215
817638
1835656
220332
1322459
585437
1132096
997476
936802
1980081
1510314
71168
1950098
1978140
2111432
1016154
692411
996967
1303905
222479
1315351
20968
1561501
1837822
370863
871287
1356107
1925295
2266838
417123
985861
1275930
307809
941001
333949
275732
874593
1436146
501133
134824
993114
307947
2423564
820190
1206117
2316429
1461237
265461
2112777
1302854
1110979
2069165
1095584
805658
2214491
1737993
1097219
1580231
1813338
2419126
1436962
1116811
2290682
1942518
1243952
621455
175848
1491147
1309524
1342650
909390
1058406
2398104
544064
120960
1766797
2391810
430778
677577
1392012
2335451
1170315
239564
1095242
1180333
2299256
1812231
240660
2368954
2390147
2414209
74371
975681
684418
499025
933819
68397
161277
1473639
1603576
1613342
885653
610294
298966
2187220
1975930
1166254
1116180
1821023
1931764
2133538
2348116
1402822
1487686
628422
932931
122848
574662
27759
75291
760533
606785
320772
812418
1507270
92448
596283
1658065
1840960
1290706
2141188
1687550
2365080
1368591
2251052
585287
1557923
2122830
490603
1382061
535820
2318242
2279819
1397429
1271765
1663499
766285
1661046
2362518
1255567
1551191
553077
796380
426113
1225798
82788
639784
647818
1621016
1417909
269165
673686
1020405
2365247
1086768
60839
1171559
2040612
693921
574032
2132260
470978
39511
1644893
569464
1138697
402099
766284
365141
1167365
803645
856888
2061046
517356
333459
1472349
860657
1908081
1669310
888732
799998
168536
722748
1099265
1051644
1060104
1289849
634481
2124099
1828007
2219347
750304
1186577
108057
982101
1750868
2089313
314475
635451
899882
2370080
424979
384821
1956781
1451909
808342
408713
1117885
1549818
1711779
1921978
202882
1067249
2200271
585978
1828019
1168489
1434259
2090240
2028554
1297261
2256951
1554892
1906269
1288618
1621527
1485716
104419
1075428
1645151
2116957
1739079
562265
906278
946944
2242437
1641826
2306532
327441
1075881
1046150
840389
1315375
490721
906211
183797
2008130
1168478
2288103
1555709
189646
2014819
93263
1847901
616271
1901743
2195594
2122945
60057
253781
1289790
1764399
2327649
1700001
940136
134853
944080
1129952
891059
1069432
267303
754109
1971514
116089
1386549
526098
2171129
1997212
2414124
909600
441432
426549
496061
1342281
1697325
1364554
1057443
1821191
334334
698588
873200
416440
1220100
1297662
1319634
2129718
1152752
1004221
590473
144493
1892238
174791
356554
931073
432540
510742
1902199
2390670
771361
250840
1091821
2232469
2196022
1397605
2330486
1326885
993971
1353659
1926351
53081
165976
1671436
2231038
1645159
525600
1941405
1116174
345465
1892917
906674
1621521
1740645
1130922
2336707
1527936
1815236
848553
1493214
704628
575924
2223505
1859638
2332498
223212
2193277
1375898
307
589964
2066686
2145746
864552
1686420
1932772
2300802
837008
1275511
1310246
1987227
178142
1202260
2001219
1507277
452141
969999
2022353
1480990
2376113
832341
1052298
1635456
1733969
1657093
1236252
424554
2250857
337325
103044
1566896
2354595
304259
1520035
1025927
1720507
2014746
1728866
1099922
2371342
1943277
2037189
2432987
114467
1771737
1814182
743915
1121847
1731337
616018
1080014
1871247
282679
919432
54530
429409
641836
2349646
671879
1905981
576371
802074
1610807
1886938
54444
1244279
1619674
67572
1772819
1341656
1766318
1234164
99034
1522584
898445
1522522
102595
1330908
2255352
1730141
1274922
842751
1772669
921457
356023
1313793
816555
414967
158609
312871
283603
2427250
2111553
516929
143230
1907208
2223335
2008549
2354262
55642
418225
798739
2301166
1644217
2128316
1337078
418227
2371049
2367261
2054390
1581593
2144966
1731759
1115902
2395398
2227847
1280857
986149
1933925
1836390
210297
415393
1297872
1881604
2432257
744117
636142
1482749
1970305
1965267
256935
458901
2341094
1040009
372122
1063169
2094
2200548
680867
2255724
757932
200353
620752
1174113
921464
514195
2292350
1675630
723732
1337390
383814
38413
2360350
326486
2344191
1315308
1881516
1315338
185601
1618520
606759
1053320
708222
516928
353475
999697
1019111
857080
761581
1500621
2000246
2340478
1650948
204040
1813491
678530
265428
1832110
516612
1939880
2118290
1342746
482013
2358975
1941838
1979131
1992565
692844
2008498
1858306
2112958
1874420
1315297
542023
526240
1307088
1838912
947743
28754
1188720
1635455
864589
308886
481876
1613187
308608
95990
1952014
1396109
515376
1184496
2089856
1173788
277060
561162
499214
928317
2395382
170043
2319170
1347581
480883
1656833
936106
2164980
860371
1788156
662026
2341034
775559
2367804
294327
2353205
1276479
1597464
1000889
1596320
1042971
2382973
898917
774941
1491657
442120
