Subject	Readcount	Correct_bases	Incorrect_bases	Total_bases	Subjlen	Coverage	Percent_ID
protist-Amphilonche_elongata-1479417at2759-S1	2	202	0	202	1689	11.96	100.0
protist-Durusdinium_trenchii-1269649at2759-D2	2	196	6	202	655	30.84	97.03
greenalgae-Chloropicon_roscoffensis-759498at2759-S1	2	164	1	165	2556	6.46	99.39
greenalgae-Chloropicon_roscoffensis-1003258at2759-S1	2	187	3	190	1336	14.22	98.42
protist-Effrenium_voratum-97116at2759-D2	15	1047	24	1071	3624	29.55	97.76
protist-Effrenium_voratum-355408at2759-D2	5	304	5	309	2004	15.42	98.38
protist-Effrenium_voratum-375960at2759-D1	9	479	10	489	1664	29.39	97.96
protist-Effrenium_voratum-975557at2759-D2	1	100	1	101	2337	4.32	99.01
protist-Effrenium_voratum-1322299at2759-D1	1	99	0	99	1813	5.46	100.0
greenalgae-Chloropicon_mariensis-664730at2759-S1	11	766	12	778	1500	51.87	98.46
protist-Gephyrocapsa_oceanica-245208at2759-S1	1	98	1	99	3831	2.58	98.99
protist-Zooxanthella_nutricula-817008at2759-D1	2	182	2	184	1805	10.19	98.91
protist-Zooxanthella_nutricula-817008at2759-D2	4	229	0	229	1457	15.72	100.0
protist-Zooxanthella_nutricula-1049599at2759-S1	4	310	2	312	1497	20.84	99.36
protist-Zooxanthella_nutricula-1474000at2759-S1	13	556	2	558	1035	53.91	99.64
protist-Tripos_fusus-179362at2759-S1	1	83	3	86	3897	2.21	96.51
protist-Tripos_fusus-383503at2759-S1	1	90	3	93	1518	6.13	96.77
protist-Tripos_fusus-751335at2759-S1	1	99	2	101	1500	6.73	98.02
protist-Tripos_fusus-759498at2759-S1	16	1217	15	1232	2283	53.96	98.78
protist-Tripos_fusus-1157302at2759-D1	4	287	9	296	747	39.63	96.96
protist-Tripos_fusus-1217666at2759-S1	1	97	0	97	978	9.92	100.0
protist-Tripos_fusus-1346432at2759-S1	1	74	2	76	774	9.82	97.37
protist-Tripos_fusus-1423847at2759-S1	2	182	0	182	1128	16.13	100.0
protist-Tripos_fusus-1474000at2759-S1	1	96	2	98	1008	9.72	97.96
protist-Tripos_fusus-1488235at2759-S1	13	442	2	444	1770	25.08	99.55
protist-Tripos_fusus-1623701at2759-S1	3	111	4	115	552	20.83	96.52
protist-Pelagomonas_calceolata-598949at2759-S1	1	91	3	94	3075	3.06	96.81
protist-Pelagomonas_calceolata-1161199at2759-S1	1	98	3	101	945	10.69	97.03
protist-Pelagomonas_calceolata-1474000at2759-S1	9	362	4	366	1038	35.26	98.91
protist-Scrippsiella_trochoidea-1038775at2759-S1	2	196	2	198	960	20.62	98.99
metazoa-Oithona_nana-87842at2759-S1	2	130	6	136	4815	2.82	95.59
metazoa-Oithona_nana-97116at2759-S1	88	2576	90	2666	6429	41.47	96.62
metazoa-Oithona_nana-160593at2759-S1	7	567	18	585	7848	7.45	96.92
metazoa-Oithona_nana-179362at2759-S1	3	184	5	189	4728	4.0	97.35
metazoa-Oithona_nana-245208at2759-S1	12	407	13	420	3960	10.61	96.9
metazoa-Oithona_nana-290630at2759-S1	1	96	3	99	2844	3.48	96.97
metazoa-Oithona_nana-325552at2759-S1	14	685	21	706	1842	38.33	97.03
metazoa-Oithona_nana-341721at2759-S1	2	106	4	110	4658	2.36	96.36
metazoa-Oithona_nana-355408at2759-S1	10	700	24	724	2109	34.33	96.69
metazoa-Oithona_nana-383503at2759-S1	6	360	11	371	1518	24.44	97.04
metazoa-Oithona_nana-418107at2759-S1	1	98	3	101	1356	7.45	97.03
metazoa-Oithona_nana-426305at2759-S1	4	227	8	235	2406	9.77	96.6
metazoa-Oithona_nana-513979at2759-S1	2	106	6	112	2055	5.45	94.64
metazoa-Oithona_nana-543764at2759-S1	1	86	2	88	1317	6.68	97.73
metazoa-Oithona_nana-549762at2759-S1	3	170	5	175	2358	7.42	97.14
metazoa-Oithona_nana-570797at2759-S1	4	303	10	313	2406	13.01	96.81
metazoa-Oithona_nana-598949at2759-S1	3	202	7	209	2634	7.93	96.65
metazoa-Oithona_nana-604979at2759-S1	2	193	7	200	2283	8.76	96.5
metazoa-Oithona_nana-625387at2759-S1	4	383	11	394	3951	9.97	97.21
metazoa-Oithona_nana-671846at2759-S1	1	98	3	101	2442	4.14	97.03
metazoa-Oithona_nana-674169at2759-S1	2	188	6	194	1767	10.98	96.91
metazoa-Oithona_nana-679771at2759-S1	12	506	23	529	1167	45.33	95.65
metazoa-Oithona_nana-734341at2759-S1	1	99	2	101	816	12.38	98.02
metazoa-Oithona_nana-751335at2759-S1	27	907	38	945	1443	65.49	95.98
metazoa-Oithona_nana-761109at2759-S1	10	147	6	153	2229	6.86	96.08
metazoa-Oithona_nana-768809at2759-S1	11	658	20	678	1299	52.19	97.05
metazoa-Oithona_nana-779909at2759-S1	22	485	20	505	2568	19.67	96.04
metazoa-Oithona_nana-817008at2759-S1	28	648	19	667	1341	49.74	97.15
metazoa-Oithona_nana-834694at2759-S1	1	98	3	101	2636	3.83	97.03
metazoa-Oithona_nana-836599at2759-S1	123	1381	66	1447	1491	97.05	95.44
metazoa-Oithona_nana-858842at2759-S1	4	179	6	185	2688	6.88	96.76
metazoa-Oithona_nana-865202at2759-S1	9	473	19	492	969	50.77	96.14
metazoa-Oithona_nana-869548at2759-S1	9	267	11	278	741	37.52	96.04
metazoa-Oithona_nana-891751at2759-S1	2	99	3	102	1989	5.13	97.06
metazoa-Oithona_nana-901894at2759-S1	6	324	14	338	3516	9.61	95.86
metazoa-Oithona_nana-905026at2759-S1	2	195	7	202	1911	10.57	96.53
metazoa-Oithona_nana-919955at2759-S1	7	235	7	242	1146	21.12	97.11
metazoa-Oithona_nana-937686at2759-S1	53	1029	45	1074	1449	74.12	95.81
metazoa-Oithona_nana-939345at2759-S1	14	464	16	480	765	62.75	96.67
metazoa-Oithona_nana-944899at2759-S1	5	195	6	201	1011	19.88	97.01
metazoa-Oithona_nana-946128at2759-S1	29	123	5	128	1686	7.59	96.09
metazoa-Oithona_nana-956854at2759-S1	24	342	19	361	918	39.32	94.74
metazoa-Oithona_nana-974865at2759-S1	1	97	3	100	972	10.29	97.0
metazoa-Oithona_nana-976469at2759-S1	5	151	6	157	1245	12.61	96.18
metazoa-Oithona_nana-1001705at2759-S1	6	327	11	338	1530	22.09	96.75
metazoa-Oithona_nana-1019762at2759-S1	16	328	14	342	1764	19.39	95.91
metazoa-Oithona_nana-1030907at2759-S1	50	665	28	693	999	69.37	95.96
metazoa-Oithona_nana-1049599at2759-S1	40	1018	40	1058	1531	69.11	96.22
metazoa-Oithona_nana-1079827at2759-S1	25	381	17	398	783	50.83	95.73
metazoa-Oithona_nana-1085752at2759-S1	2	115	3	118	1320	8.94	97.46
metazoa-Oithona_nana-1087488at2759-S1	2	163	8	171	1221	14.0	95.32
metazoa-Oithona_nana-1106766at2759-S1	39	1054	34	1088	1734	62.75	96.88
metazoa-Oithona_nana-1108845at2759-S1	39	1097	30	1127	1335	84.42	97.34
metazoa-Oithona_nana-1111142at2759-S1	11	658	19	677	2706	25.02	97.19
metazoa-Oithona_nana-1112002at2759-S1	2	108	4	112	2373	4.72	96.43
metazoa-Oithona_nana-1157302at2759-S1	19	383	19	402	741	54.25	95.27
metazoa-Oithona_nana-1161199at2759-S1	6	257	9	266	906	29.36	96.62
metazoa-Oithona_nana-1173229at2759-S1	2	193	6	199	1398	14.23	96.98
metazoa-Oithona_nana-1182451at2759-S1	1	97	3	100	966	10.35	97.0
metazoa-Oithona_nana-1193442at2759-S1	39	861	35	896	1308	68.5	96.09
metazoa-Oithona_nana-1197019at2759-S1	4	345	12	357	618	57.77	96.64
metazoa-Oithona_nana-1217666at2759-S1	5	332	10	342	762	44.88	97.08
metazoa-Oithona_nana-1223488at2759-S1	4	241	10	251	621	40.42	96.02
metazoa-Oithona_nana-1247641at2759-S1	1	95	2	97	1713	5.66	97.94
metazoa-Oithona_nana-1248958at2759-S1	8	388	16	404	2925	13.81	96.04
metazoa-Oithona_nana-1257440at2759-S1	12	443	9	452	552	81.88	98.01
metazoa-Oithona_nana-1264469at2759-S1	2	100	3	103	780	13.21	97.09
metazoa-Oithona_nana-1266231at2759-S1	1	98	3	101	765	13.2	97.03
metazoa-Oithona_nana-1269244at2759-S1	2	102	3	105	663	15.84	97.14
metazoa-Oithona_nana-1275837at2759-S1	29	573	27	600	1065	56.34	95.5
metazoa-Oithona_nana-1287094at2759-S1	2	146	5	151	696	21.7	96.69
metazoa-Oithona_nana-1287401at2759-S1	1	98	3	101	777	13.0	97.03
metazoa-Oithona_nana-1291729at2759-S1	10	305	15	320	606	52.81	95.31
metazoa-Oithona_nana-1304061at2759-D2	1	99	2	101	615	16.42	98.02
metazoa-Oithona_nana-1314980at2759-S1	2	179	6	185	3309	5.59	96.76
metazoa-Oithona_nana-1322299at2759-S1	2	151	6	157	1491	10.53	96.18
metazoa-Oithona_nana-1323575at2759-S1	51	425	18	443	723	61.27	95.94
metazoa-Oithona_nana-1370285at2759-S1	4	389	9	398	4206	9.46	97.74
metazoa-Oithona_nana-1370304at2759-S1	1	97	3	100	2187	4.57	97.0
metazoa-Oithona_nana-1379600at2759-S1	5	333	10	343	2528	13.57	97.08
metazoa-Oithona_nana-1395649at2759-S1	35	499	30	529	588	89.97	94.33
metazoa-Oithona_nana-1407446at2759-S1	3	167	8	175	534	32.77	95.43
metazoa-Oithona_nana-1423847at2759-S1	1	98	3	101	1134	8.91	97.03
metazoa-Oithona_nana-1428854at2759-S1	3	204	5	209	2562	8.16	97.61
metazoa-Oithona_nana-1430056at2759-S1	2	115	3	118	612	19.28	97.46
metazoa-Oithona_nana-1434266at2759-S1	1	98	3	101	888	11.37	97.03
metazoa-Oithona_nana-1459797at2759-S1	1	98	3	101	543	18.6	97.03
metazoa-Oithona_nana-1479417at2759-S1	10	610	22	632	1656	38.16	96.52
metazoa-Oithona_nana-1488235at2759-S1	6	276	13	289	606	47.69	95.5
metazoa-Oithona_nana-1504863at2759-S1	3	109	3	112	1788	6.26	97.32
metazoa-Oithona_nana-1513531at2759-S1	1	98	3	101	825	12.24	97.03
metazoa-Oithona_nana-1525971at2759-S1	27	411	18	429	471	91.08	95.8
metazoa-Oithona_nana-1526152at2759-S1	7	165	7	172	453	37.97	95.93
metazoa-Oithona_nana-1538526at2759-S1	4	117	4	121	462	26.19	96.69
metazoa-Oithona_nana-1545004at2759-S1	1	98	2	100	297	33.67	98.0
metazoa-Oithona_nana-1552706at2759-S1	10	218	9	227	498	45.58	96.04
metazoa-Oithona_nana-1558822at2759-S1	3	200	6	206	279	73.84	97.09
metazoa-Oithona_nana-1563319at2759-S1	1	98	3	101	696	14.51	97.03
metazoa-Oithona_nana-1567796at2759-S1	40	526	24	550	573	95.99	95.64
metazoa-Oithona_nana-1576404at2759-S1	1	97	2	99	702	14.1	97.98
metazoa-Oithona_nana-1588798at2759-S1	3	162	6	168	840	20.0	96.43
metazoa-Oithona_nana-1617752at2759-S1	39	269	11	280	378	74.07	96.07
metazoa-Oithona_nana-1623701at2759-S1	10	310	11	321	519	61.85	96.57
metazoa-Oithona_nana-1626636at2759-S1	1	99	2	101	681	14.83	98.02
metazoa-Oithona_nana-1633672at2759-S1	20	243	9	252	312	80.77	96.43
greenalgae-Prasinococcaceae_sp_CCMP_1430-836599at2759-S1	2	197	0	197	1443	13.65	100.0
metazoa-Stylophora_pistillata-923657at2759-S1	2	194	0	194	1051	18.46	100.0
metazoa-Oikopleura_longicauda-919955at2759-D1	4	194	6	200	1227	16.3	97.0
metazoa-Oikopleura_longicauda-1049599at2759-S1	5	414	13	427	1965	21.73	96.96
metazoa-Oikopleura_longicauda-1085752at2759-S1	1	90	3	93	2076	4.48	96.77
metazoa-Oikopleura_longicauda-1194797at2759-S1	8	452	16	468	4727	9.9	96.58
metazoa-Oikopleura_longicauda-1258856at2759-S1	404	432	41	473	6620	7.15	91.33
metazoa-Oikopleura_longicauda-1405073at2759-D1	7	330	12	342	546	62.64	96.49
metazoa-Oikopleura_longicauda-1545004at2759-D1	1	101	0	101	432	23.38	100.0
metazoa-Oikopleura_longicauda-1552706at2759-S1	1	92	3	95	765	12.42	96.84
metazoa-Oikopleura_longicauda-1567796at2759-S1	13	362	13	375	627	59.81	96.53
metazoa-Oikopleura_longicauda-1633672at2759-D1	6	240	9	249	315	79.05	96.39
fungi-Hanseniaspora_uvarum-1370304at2759-S1	4	210	0	210	2649	7.93	100.0
fungi-Hortaea_werneckii_EXF-2000-271586at2759-D1	1	101	0	101	6564	1.54	100.0
fungi-Hortaea_werneckii_EXF-2000-271586at2759-D2	1	96	1	97	5534	1.75	98.97
fungi-Hortaea_werneckii_EXF-2000-1588798at2759-D1	1	101	0	101	1068	9.46	100.0
fungi-Hortaea_werneckii_EXF-2000-176625at2759-D2	4	200	1	201	3426	5.87	99.5
fungi-Malassezia_restricta-1247641at2759-S1	1	86	0	86	2106	4.08	100.0
fungi-Malassezia_restricta-156083at2759-S1	2	179	1	180	8085	2.23	99.44
fungi-Malassezia_restricta-917326at2759-S1	2	198	4	202	2025	9.98	98.02
fungi-Malassezia_restricta-1041560at2759-S1	1	94	6	100	1398	7.15	94.0
fungi-Malassezia_globosa_CBS_7966-891751at2759-S1	2	182	4	186	1956	9.51	97.85
fungi-Malassezia_globosa_CBS_7966-1085752at2759-S1	1	97	2	99	4563	2.17	97.98
worm-Bursaphelenchus_xylophilus-97116at2759-S1	1	88	3	91	4035	2.26	96.7
